eunit=meV, punit=GPa

Translations: 2,3,4 Imaginary: 1

N=300, ZPE=77.02 meV/mode, F(300K)=81.33 meV/mode

-4.35,-1.42,-0.74,-0.28,2.88,3.82,4.32,4.97,5.02 .. 389,389,389 meV

-4.35,-1.42,-0.74,-0.28,2.88,3.82,4.32,4.97,5.02,6.06,7.10,8.93,9.97,11.00,12.12,12.16,12.98,13.20,13.83,13.86,14.42,14.52,14.73,14.96,15.70,16.33,17.53,17.66,18.61,18.94,19.26,19.29,19.29,19.30,19.55,19.64,21.19,22.19,22.22,23.47,23.98,24.11,24.48,24.53,26.22,26.53,26.77,27.29,27.88,28.42,30.71,31.50,32.17,32.56,32.87,32.91,33.14,33.30,37.40,37.55,41.85,41.96,48.50,49.34,49.65,49.68,51.54,51.69,53.69,53.98,55.05,55.17,56.62,56.77,58.27,58.52,66.58,66.80,69.71,69.76,75.39,75.41,75.89,76.04,76.42,76.75,79.99,80.27,86.43,86.69,88.12,88.30,88.92,89.21,89.72,89.76,90.36,90.48,90.52,90.58,94.64,94.78,95.47,95.68,97.80,98.17,98.62,98.94,105.42,106.16,107.08,107.30,107.40,107.47,107.74,108.00,109.05,109.20,109.64,109.95,114.22,114.56,119.63,120.24,120.37,120.79,123.19,123.54,124.44,124.61,124.73,124.93,128.40,128.47,129.38,129.41,130.93,130.97,131.07,131.14,131.72,131.81,132.02,132.08,135.21,135.33,135.42,135.52,137.25,137.32,137.56,137.57,145.50,145.61,145.72,146.14,146.69,146.75,148.08,148.15,148.53,149.01,149.70,149.91,151.05,151.14,153.28,153.30,154.00,154.07,154.13,154.26,156.38,156.41,157.20,157.23,158.03,158.28,158.46,158.86,159.49,159.51,159.66,159.67,159.87,160.14,160.47,160.88,161.47,162.30,162.61,163.35,165.51,166.11,166.13,166.69,166.94,167.19,167.37,167.38,168.12,168.73,168.80,169.09,169.56,169.56,171.34,171.72,174.67,174.75,175.39,175.60,175.74,176.13,176.35,176.91,176.98,177.32,177.69,178.28,178.41,178.58,179.03,179.19,179.24,179.28,179.53,179.82,179.90,180.02,180.31,180.40,180.64,180.90,181.03,181.10,181.42,181.54,181.64,182.31,184.64,184.69,190.97,191.00,363.50,363.52,363.52,363.57,364.87,364.87,365.05,365.05,366.06,366.16,366.19,366.29,366.52,366.54,366.76,366.78,367.42,367.44,367.49,367.50,368.08,368.08,368.09,368.09,368.50,368.51,368.53,368.56,369.51,369.54,369.56,369.62,369.64,369.65,369.69,369.78,372.16,372.21,372.49,372.54,373.41,373.41,374.02,374.04,377.89,378.00,378.17,378.23,378.33,378.35,378.73,378.87,389.33,389.34,389.37,389.38

 XX 119.327
 YY   6.721  18.879
 ZZ  -0.949   0.167  13.078
 XY   0.000   0.000   0.000   4.644
 YZ  -0.000  -0.000   0.000  -0.000   0.085
 ZX   0.000   0.000  -0.000  -0.000   0.000   0.377
       XX      YY      ZZ      XY      YZ      ZX

      0.085   0.377   4.644  13.060  18.441 119.783
 XX   0.000   0.000   0.000   0.012  -0.066  -0.998
 YY   0.000   0.000   0.000  -0.042   0.997  -0.066
 ZZ   0.000   0.000   0.000   0.999   0.043   0.009
 XY   0.000   0.000   1.000   0.000   0.000  -0.000
 YZ   1.000   0.000   0.000   0.000   0.000  -0.000
 ZX   0.000   1.000   0.000   0.000   0.000  -0.000

K=7.545, GR=0.337, GV=4.335

false pressure=-0.001, external pressure by components:
     -1.784  -1.726  -0.854   0.018  -0.012   0.006
      1.934   1.900   0.915   0.018  -0.012   0.006
