eunit=meV, punit=GPa

N=300, ZPE=77.05 meV/mode, F(300K)=81.47 meV/mode

-0.38,-0.35,-0.27,3.34,4.30,5.09,5.38,6.71,6.97 .. 389,389,389 meV

-0.38,-0.35,-0.27,3.34,4.30,5.09,5.38,6.71,6.97,7.61,8.26,8.43,9.59,9.59,9.60,10.01,10.53,10.78,11.55,11.57,11.96,12.44,12.49,14.08,14.61,15.92,16.09,16.12,16.15,16.31,16.63,16.96,17.67,18.04,18.34,19.20,19.64,20.42,20.93,21.81,22.75,23.28,24.70,24.89,26.89,27.12,27.28,27.92,28.74,28.85,30.99,31.32,32.00,32.44,34.09,34.36,35.65,36.86,38.10,38.13,44.88,44.88,46.92,47.10,49.70,49.71,52.10,53.01,53.18,53.72,53.81,53.89,54.26,54.60,61.91,62.03,67.76,67.81,69.42,69.48,71.36,71.38,73.60,73.84,80.73,80.80,84.00,84.14,86.69,86.84,86.85,87.98,88.40,88.89,89.12,89.22,89.43,89.83,90.24,90.31,95.83,95.93,96.40,97.13,99.28,99.35,100.26,100.38,103.90,104.14,104.95,105.53,107.09,107.58,108.27,108.43,108.61,108.71,108.99,109.29,115.17,115.32,119.12,119.19,119.92,120.11,123.39,123.58,123.80,123.94,124.49,124.52,125.02,125.12,126.65,126.99,129.43,129.55,129.84,129.86,131.58,131.76,131.77,131.83,133.48,133.60,133.94,134.17,136.65,136.77,136.81,136.87,144.53,144.73,145.29,145.42,145.65,146.08,149.00,149.05,149.67,149.74,150.07,150.09,150.38,150.65,151.85,152.06,153.19,153.87,155.54,155.71,156.39,156.58,156.79,157.08,157.41,157.69,157.84,158.35,159.34,159.57,159.61,159.77,160.03,160.09,160.71,161.03,161.67,162.02,162.51,162.60,165.61,165.71,166.24,166.36,167.27,167.27,167.34,167.57,167.90,167.91,168.32,168.43,168.73,169.21,171.14,171.19,174.17,175.21,176.69,176.79,177.08,177.26,177.30,177.49,177.86,178.13,178.41,178.56,178.64,178.65,178.79,178.94,178.99,179.09,179.56,179.61,179.66,179.68,179.81,179.90,180.05,180.33,180.50,180.61,181.21,181.33,181.53,182.46,185.75,185.78,192.80,192.90,364.43,364.56,364.65,364.75,366.39,366.41,366.72,366.74,367.32,367.38,367.65,367.68,367.92,368.00,368.09,368.13,368.43,368.58,368.62,368.68,369.11,369.12,369.41,369.45,369.91,369.92,370.10,370.11,370.72,370.73,370.83,370.87,372.20,372.28,372.36,372.37,373.51,373.65,373.94,374.19,375.83,375.84,376.00,376.01,377.07,377.08,377.25,377.34,379.28,379.30,379.41,379.43,389.15,389.19,389.20,389.21

 XX 150.828
 YY   1.344  14.839
 ZZ  -0.461   5.858  13.055
 XY   0.000   0.000   0.000  -0.182
 YZ  -0.772   1.245   1.702  -0.000   4.878
 ZX  -0.000  -0.000  -0.000   1.311   0.000   0.619
       XX      YY      ZZ      XY      YZ      ZX

     -1.153   1.589   4.534   8.073  20.146 150.847
 XX  -0.000   0.000  -0.005  -0.009   0.005   1.000
 YY  -0.000   0.000   0.013   0.664  -0.748   0.010
 ZZ  -0.000   0.000   0.187  -0.736  -0.650  -0.003
 XY   0.804   0.595   0.000   0.000   0.000   0.000
 YZ   0.000   0.000  -0.982  -0.132  -0.134  -0.005
 ZX  -0.595   0.804   0.000   0.000   0.000  -0.000

K=8.901, GR=18.368, GV=-76.859

false pressure=0.000, external pressure by components:
     -2.228  -1.749  -1.545  -0.001   0.558   0.013
      2.433   1.900   1.630  -0.001  -0.526   0.013
