eunit=meV, punit=GPa

N=300, ZPE=76.94 meV/mode, F(300K)=81.38 meV/mode

-0.87,-0.63,-0.35,2.62,3.09,3.38,3.83,4.62,5.41 .. 389,389,389 meV

-0.87,-0.63,-0.35,2.62,3.09,3.38,3.83,4.62,5.41,6.19,7.55,8.38,9.13,10.41,10.53,10.69,11.12,12.34,12.98,13.02,13.41,13.52,13.72,14.30,14.55,14.62,15.06,15.67,16.69,16.80,16.89,17.80,18.25,18.66,18.71,18.98,19.09,19.41,20.99,21.09,22.16,22.23,22.36,22.52,26.12,26.42,26.97,27.15,28.36,28.38,30.72,31.61,31.84,32.63,33.24,33.25,33.44,33.72,37.22,37.35,41.84,41.95,49.39,49.40,49.56,49.71,51.30,51.35,53.67,53.85,55.09,55.14,56.53,56.61,58.36,58.49,66.74,66.77,69.52,69.55,75.19,75.23,75.67,76.03,76.56,76.58,80.35,80.44,87.73,87.88,88.21,88.30,89.49,89.55,89.91,90.02,90.15,90.53,90.55,90.69,95.22,95.38,95.70,95.75,98.29,98.86,98.87,99.67,105.39,106.25,107.40,107.42,107.44,107.77,107.84,107.93,109.15,109.24,109.81,109.84,114.30,114.39,120.02,120.16,120.55,120.64,122.99,123.11,124.30,124.42,124.66,124.70,129.17,129.31,129.66,129.73,130.84,130.88,131.26,131.32,132.02,132.10,132.12,132.22,135.78,135.81,135.83,135.90,137.41,137.44,137.61,137.76,145.41,145.44,146.17,146.27,146.59,146.91,148.06,148.08,148.65,149.00,149.74,149.99,150.73,150.89,153.70,153.74,153.94,154.09,154.10,154.31,156.58,156.64,156.95,157.04,158.63,158.98,159.06,159.35,160.03,160.09,160.11,160.16,160.22,160.36,160.52,160.73,162.09,162.25,163.33,163.57,165.64,165.84,166.21,166.43,167.03,167.30,167.39,167.45,168.44,168.61,168.85,169.51,169.96,170.00,171.30,171.70,174.51,174.97,175.21,175.71,176.24,176.85,177.01,177.10,177.42,177.66,177.85,177.94,178.21,178.26,178.35,179.06,179.23,179.23,179.68,179.79,179.84,180.08,180.13,180.22,180.64,180.73,180.86,181.03,181.20,181.36,181.49,181.74,184.44,184.52,190.55,190.58,363.03,363.04,363.05,363.08,364.00,364.00,364.00,364.01,365.29,365.30,365.32,365.35,366.30,366.30,366.34,366.34,366.51,366.60,366.66,366.71,367.29,367.29,367.32,367.33,368.26,368.26,368.27,368.28,368.99,369.02,369.11,369.14,369.30,369.30,369.30,369.57,371.79,371.85,371.90,371.95,373.79,373.82,373.90,373.90,377.62,377.67,377.70,377.87,378.38,378.51,378.76,378.78,389.23,389.24,389.27,389.29

 XX 130.816
 YY   5.608   8.417
 ZZ   1.556   5.548   8.617
 XY  -0.000  -0.000   0.000   4.150
 YZ  -2.067  -0.117   0.500   0.000   0.831
 ZX   0.000  -0.000   0.000  -1.007   0.000   1.229
       XX      YY      ZZ      XY      YZ      ZX

      0.721   0.916   2.968   4.463  13.861 131.132
 XX   0.013   0.000  -0.026   0.000  -0.042  -0.999
 YY   0.106   0.000   0.714  -0.000   0.691  -0.046
 ZZ  -0.140  -0.000  -0.678   0.000   0.721  -0.015
 XY  -0.000   0.297   0.000   0.955   0.000   0.000
 YZ   0.984   0.000  -0.173   0.000   0.028   0.016
 ZX  -0.000   0.955  -0.000  -0.297  -0.000  -0.000

K=6.918, GR=1.440, GV=1.671

false pressure=0.001, external pressure by components:
     -1.950  -1.762  -1.091   0.015   0.355   0.009
      2.120   1.913   1.154   0.015  -0.347   0.008
