# Effective 2-orbital Hamiltonian for pistack-C
SG=pbmaxz
orbs=[[1,2,3,4]]
M=Matrix(3,3,[
a,0,0,
0,b,0,
0,0,c])
P=Matrix(3,4,[
x,x+1/2,-x+1/2,-x+1,
y,-y,y,-y,
-1/4,-1/4,1/4,1/4])
geoparams=[
"pistack-C_PBE-D3paw900"==[ a=7.797510, b=20, c=7.453955, x=0.252536, y=0.245389],
NULL]
params=[
 # dimer+NN approximation
"pistack-C_PBE-D3paw900_CAM-B3LYPp2p_h"      ==[ E0=-7.372480, eAB1=-0.014066, eB1=-0.515622, tAA12=-1.076345, tAB12=0.239981, tBA12=0.262660, tBB12=-0.065981, tAA13=-0.055712, tBB13=-0.145248, tAA14=0.158794, tAB14=-0.002552, tBB14=-0.093474, tAA11a=0.072293, tAB11a=-0.007338, tBA11a=0.022365, tBB11a=-0.005811, tAA14i=-0.060157, tAB14i=0.062348, tBB14i=-0.018843, tAA13a=0.022599, tAB13a=-0.017558, tBB13a=0.006324, tAA13i=-0.015788, tAB13i=0.004963, tBB13i=-0.002659, tAA11c=0.012576, tAB11c=-0.004075, tBB11c=0.014615, tAA12c=0.008935, tAB12c=-0.010461, tBB12c=0.004183, tAA11ac=0.005025, tAB11ac=-0.003427, tBA11ac=-0.001371, tBB11ac=0.001131, tAA14a=0.016576, tAB14a=-0.003425, tAA12a=-0.051339, tAB12a=0.006557, tBA12a=0.013355, tBB12a=-0.002528, tAA14ii=-0.011777, tAB14ii=0.006714, tBB14ii=-0.002005, tAA12ac=0.003870, tAB12ac=-0.003136],
 # dimer approximation
"pistack-C_PBE-D3paw900_CAM-B3LYPp2p_h_dimer"==[ E0=-7.662878, eAB1=-0.002832, eB1=-0.510288, tAA12=-1.091625, tAB12=0.248823, tBA12=0.281594, tBB12=-0.073476, tAA13=-0.055051, tBB13=-0.144357, tAA14=0.159343, tAB14=-0.003090, tBB14=-0.093158, tAA11a=0.066029, tBA11a=0.024893, tBB11a=-0.007915, tAA14i=-0.060015, tAB14i=0.062925, tBB14i=-0.019624, tAA13a=0.023351, tAB13a=-0.017629, tBB13a=0.006297, tAA13i=-0.016078, tAB13i=0.006033, tBB13i=-0.003694, tAA14a=0.017751, tAB14a=-0.003758, tAA12a=-0.056992, tAB12a=0.011150, tBA12a=0.016331, tBB12a=-0.004024, tAA14ii=-0.012428, tAB14ii=0.007737, tBB14ii=-0.002898],
NULL]
H=[
( 1, 1, -1, 0, -1, 1, 1 )==tAA11ac,
( 1, 1, -1, 0, -1, 1, 2 )==tBA11ac,
( 1, 1, -1, 0, -1, 2, 1 )==tAB11ac,
( 1, 1, -1, 0, -1, 2, 2 )==tBB11ac,
( 1, 1, -1, 0,  0, 1, 1 )==tAA11a,
( 1, 1, -1, 0,  0, 1, 2 )==tBA11a,
( 1, 1, -1, 0,  0, 2, 1 )==tAB11a,
( 1, 1, -1, 0,  0, 2, 2 )==tBB11a,
( 1, 1, -1, 0,  1, 1, 1 )==tAA11ac,
( 1, 1, -1, 0,  1, 1, 2 )==tBA11ac,
( 1, 1, -1, 0,  1, 2, 1 )==tAB11ac,
( 1, 1, -1, 0,  1, 2, 2 )==tBB11ac,
( 1, 1,  0, 0, -1, 1, 1 )==tAA11c,
( 1, 1,  0, 0, -1, 1, 2 )==tAB11c,
( 1, 1,  0, 0, -1, 2, 1 )==tAB11c,
( 1, 1,  0, 0, -1, 2, 2 )==tBB11c,
( 1, 1,  0, 0,  0, 1, 1 )==eA1,
( 1, 1,  0, 0,  0, 1, 2 )==eAB1,
( 1, 1,  0, 0,  0, 2, 1 )==eAB1,
( 1, 1,  0, 0,  0, 2, 2 )==eB1,
( 1, 1,  0, 0,  1, 1, 1 )==tAA11c,
( 1, 1,  0, 0,  1, 1, 2 )==tAB11c,
( 1, 1,  0, 0,  1, 2, 1 )==tAB11c,
( 1, 1,  0, 0,  1, 2, 2 )==tBB11c,
( 1, 1,  1, 0, -1, 1, 1 )==tAA11ac,
( 1, 1,  1, 0, -1, 1, 2 )==tAB11ac,
( 1, 1,  1, 0, -1, 2, 1 )==tBA11ac,
( 1, 1,  1, 0, -1, 2, 2 )==tBB11ac,
( 1, 1,  1, 0,  0, 1, 1 )==tAA11a,
( 1, 1,  1, 0,  0, 1, 2 )==tAB11a,
( 1, 1,  1, 0,  0, 2, 1 )==tBA11a,
( 1, 1,  1, 0,  0, 2, 2 )==tBB11a,
( 1, 1,  1, 0,  1, 1, 1 )==tAA11ac,
( 1, 1,  1, 0,  1, 1, 2 )==tAB11ac,
( 1, 1,  1, 0,  1, 2, 1 )==tBA11ac,
( 1, 1,  1, 0,  1, 2, 2 )==tBB11ac,
( 1, 2, -2, 0, -1, 1, 1 )==tAA12ac,
( 1, 2, -2, 0, -1, 2, 1 )==tAB12ac,
( 1, 2, -2, 0,  0, 1, 1 )==tAA12a,
( 1, 2, -2, 0,  0, 1, 2 )==tBA12a,
( 1, 2, -2, 0,  0, 2, 1 )==tAB12a,
( 1, 2, -2, 0,  0, 2, 2 )==tBB12a,
( 1, 2, -2, 0,  1, 1, 1 )==tAA12ac,
( 1, 2, -2, 0,  1, 2, 1 )==tAB12ac,
( 1, 2, -1, 0, -1, 1, 1 )==tAA12c,
( 1, 2, -1, 0, -1, 2, 1 )==tAB12c,
( 1, 2, -1, 0, -1, 2, 2 )==tBB12c,
( 1, 2, -1, 0,  0, 1, 1 )==tAA12,
( 1, 2, -1, 0,  0, 1, 2 )==tBA12,
( 1, 2, -1, 0,  0, 2, 1 )==tAB12,
( 1, 2, -1, 0,  0, 2, 2 )==tBB12,
( 1, 2, -1, 0,  1, 1, 1 )==tAA12c,
( 1, 2, -1, 0,  1, 2, 1 )==tAB12c,
( 1, 2, -1, 0,  1, 2, 2 )==tBB12c,
( 1, 2,  0, 0, -1, 1, 1 )==tAA12c,
( 1, 2,  0, 0, -1, 1, 2 )==tAB12c,
( 1, 2,  0, 0, -1, 2, 2 )==tBB12c,
( 1, 2,  0, 0,  0, 1, 1 )==tAA12,
( 1, 2,  0, 0,  0, 1, 2 )==tAB12,
( 1, 2,  0, 0,  0, 2, 1 )==tBA12,
( 1, 2,  0, 0,  0, 2, 2 )==tBB12,
( 1, 2,  0, 0,  1, 1, 1 )==tAA12c,
( 1, 2,  0, 0,  1, 1, 2 )==tAB12c,
( 1, 2,  0, 0,  1, 2, 2 )==tBB12c,
( 1, 2,  1, 0, -1, 1, 1 )==tAA12ac,
( 1, 2,  1, 0, -1, 1, 2 )==tAB12ac,
( 1, 2,  1, 0,  0, 1, 1 )==tAA12a,
( 1, 2,  1, 0,  0, 1, 2 )==tAB12a,
( 1, 2,  1, 0,  0, 2, 1 )==tBA12a,
( 1, 2,  1, 0,  0, 2, 2 )==tBB12a,
( 1, 2,  1, 0,  1, 1, 1 )==tAA12ac,
( 1, 2,  1, 0,  1, 1, 2 )==tAB12ac,
( 1, 3, -1, 0, -1, 1, 1 )==tAA13i,
( 1, 3, -1, 0, -1, 1, 2 )==tAB13i,
( 1, 3, -1, 0, -1, 2, 1 )==tAB13i,
( 1, 3, -1, 0, -1, 2, 2 )==tBB13i,
( 1, 3, -1, 0,  0, 1, 1 )==tAA13i,
( 1, 3, -1, 0,  0, 1, 2 )==tAB13i,
( 1, 3, -1, 0,  0, 2, 1 )==tAB13i,
( 1, 3, -1, 0,  0, 2, 2 )==tBB13i,
( 1, 3,  0, 0, -1, 1, 1 )==tAA13,
( 1, 3,  0, 0, -1, 1, 2 )==tAB13,
( 1, 3,  0, 0, -1, 2, 1 )==tAB13,
( 1, 3,  0, 0, -1, 2, 2 )==tBB13,
( 1, 3,  0, 0,  0, 1, 1 )==tAA13,
( 1, 3,  0, 0,  0, 1, 2 )==tAB13,
( 1, 3,  0, 0,  0, 2, 1 )==tAB13,
( 1, 3,  0, 0,  0, 2, 2 )==tBB13,
( 1, 3,  1, 0, -1, 1, 1 )==tAA13a,
( 1, 3,  1, 0, -1, 1, 2 )==tAB13a,
( 1, 3,  1, 0, -1, 2, 1 )==tAB13a,
( 1, 3,  1, 0, -1, 2, 2 )==tBB13a,
( 1, 3,  1, 0,  0, 1, 1 )==tAA13a,
( 1, 3,  1, 0,  0, 1, 2 )==tAB13a,
( 1, 3,  1, 0,  0, 2, 1 )==tAB13a,
( 1, 3,  1, 0,  0, 2, 2 )==tBB13a,
( 1, 4, -2, 0, -1, 1, 1 )==tAA14ii,
( 1, 4, -2, 0, -1, 1, 2 )==tAB14ii,
( 1, 4, -2, 0, -1, 2, 1 )==tAB14ii,
( 1, 4, -2, 0, -1, 2, 2 )==tBB14ii,
( 1, 4, -2, 0,  0, 1, 1 )==tAA14ii,
( 1, 4, -2, 0,  0, 1, 2 )==tAB14ii,
( 1, 4, -2, 0,  0, 2, 1 )==tAB14ii,
( 1, 4, -2, 0,  0, 2, 2 )==tBB14ii,
( 1, 4, -1, 0, -1, 1, 1 )==tAA14i,
( 1, 4, -1, 0, -1, 1, 2 )==tAB14i,
( 1, 4, -1, 0, -1, 2, 1 )==tAB14i,
( 1, 4, -1, 0, -1, 2, 2 )==tBB14i,
( 1, 4, -1, 0,  0, 1, 1 )==tAA14i,
( 1, 4, -1, 0,  0, 1, 2 )==tAB14i,
( 1, 4, -1, 0,  0, 2, 1 )==tAB14i,
( 1, 4, -1, 0,  0, 2, 2 )==tBB14i,
( 1, 4,  0, 0, -1, 1, 1 )==tAA14,
( 1, 4,  0, 0, -1, 1, 2 )==tAB14,
( 1, 4,  0, 0, -1, 2, 1 )==tAB14,
( 1, 4,  0, 0, -1, 2, 2 )==tBB14,
( 1, 4,  0, 0,  0, 1, 1 )==tAA14,
( 1, 4,  0, 0,  0, 1, 2 )==tAB14,
( 1, 4,  0, 0,  0, 2, 1 )==tAB14,
( 1, 4,  0, 0,  0, 2, 2 )==tBB14,
( 1, 4,  1, 0, -1, 1, 1 )==tAA14a,
( 1, 4,  1, 0, -1, 1, 2 )==tAB14a,
( 1, 4,  1, 0, -1, 2, 1 )==tAB14a,
( 1, 4,  1, 0,  0, 1, 1 )==tAA14a,
( 1, 4,  1, 0,  0, 1, 2 )==tAB14a,
( 1, 4,  1, 0,  0, 2, 1 )==tAB14a,
( 2, 1, -1, 0, -1, 1, 1 )==tAA12ac,
( 2, 1, -1, 0, -1, 2, 1 )==tAB12ac,
( 2, 1, -1, 0,  0, 1, 1 )==tAA12a,
( 2, 1, -1, 0,  0, 1, 2 )==tBA12a,
( 2, 1, -1, 0,  0, 2, 1 )==tAB12a,
( 2, 1, -1, 0,  0, 2, 2 )==tBB12a,
( 2, 1, -1, 0,  1, 1, 1 )==tAA12ac,
( 2, 1, -1, 0,  1, 2, 1 )==tAB12ac,
( 2, 1,  0, 0, -1, 1, 1 )==tAA12c,
( 2, 1,  0, 0, -1, 2, 1 )==tAB12c,
( 2, 1,  0, 0, -1, 2, 2 )==tBB12c,
( 2, 1,  0, 0,  0, 1, 1 )==tAA12,
( 2, 1,  0, 0,  0, 1, 2 )==tBA12,
( 2, 1,  0, 0,  0, 2, 1 )==tAB12,
( 2, 1,  0, 0,  0, 2, 2 )==tBB12,
( 2, 1,  0, 0,  1, 1, 1 )==tAA12c,
( 2, 1,  0, 0,  1, 2, 1 )==tAB12c,
( 2, 1,  0, 0,  1, 2, 2 )==tBB12c,
( 2, 1,  1, 0, -1, 1, 1 )==tAA12c,
( 2, 1,  1, 0, -1, 1, 2 )==tAB12c,
( 2, 1,  1, 0, -1, 2, 2 )==tBB12c,
( 2, 1,  1, 0,  0, 1, 1 )==tAA12,
( 2, 1,  1, 0,  0, 1, 2 )==tAB12,
( 2, 1,  1, 0,  0, 2, 1 )==tBA12,
( 2, 1,  1, 0,  0, 2, 2 )==tBB12,
( 2, 1,  1, 0,  1, 1, 1 )==tAA12c,
( 2, 1,  1, 0,  1, 1, 2 )==tAB12c,
( 2, 1,  1, 0,  1, 2, 2 )==tBB12c,
( 2, 1,  2, 0, -1, 1, 1 )==tAA12ac,
( 2, 1,  2, 0, -1, 1, 2 )==tAB12ac,
( 2, 1,  2, 0,  0, 1, 1 )==tAA12a,
( 2, 1,  2, 0,  0, 1, 2 )==tAB12a,
( 2, 1,  2, 0,  0, 2, 1 )==tBA12a,
( 2, 1,  2, 0,  0, 2, 2 )==tBB12a,
( 2, 1,  2, 0,  1, 1, 1 )==tAA12ac,
( 2, 1,  2, 0,  1, 1, 2 )==tAB12ac,
( 2, 2, -1, 0, -1, 1, 1 )==tAA11ac,
( 2, 2, -1, 0, -1, 1, 2 )==tBA11ac,
( 2, 2, -1, 0, -1, 2, 1 )==tAB11ac,
( 2, 2, -1, 0, -1, 2, 2 )==tBB11ac,
( 2, 2, -1, 0,  0, 1, 1 )==tAA11a,
( 2, 2, -1, 0,  0, 1, 2 )==tBA11a,
( 2, 2, -1, 0,  0, 2, 1 )==tAB11a,
( 2, 2, -1, 0,  0, 2, 2 )==tBB11a,
( 2, 2, -1, 0,  1, 1, 1 )==tAA11ac,
( 2, 2, -1, 0,  1, 1, 2 )==tBA11ac,
( 2, 2, -1, 0,  1, 2, 1 )==tAB11ac,
( 2, 2, -1, 0,  1, 2, 2 )==tBB11ac,
( 2, 2,  0, 0, -1, 1, 1 )==tAA11c,
( 2, 2,  0, 0, -1, 1, 2 )==tAB11c,
( 2, 2,  0, 0, -1, 2, 1 )==tAB11c,
( 2, 2,  0, 0, -1, 2, 2 )==tBB11c,
( 2, 2,  0, 0,  0, 1, 1 )==eA1,
( 2, 2,  0, 0,  0, 1, 2 )==eAB1,
( 2, 2,  0, 0,  0, 2, 1 )==eAB1,
( 2, 2,  0, 0,  0, 2, 2 )==eB1,
( 2, 2,  0, 0,  1, 1, 1 )==tAA11c,
( 2, 2,  0, 0,  1, 1, 2 )==tAB11c,
( 2, 2,  0, 0,  1, 2, 1 )==tAB11c,
( 2, 2,  0, 0,  1, 2, 2 )==tBB11c,
( 2, 2,  1, 0, -1, 1, 1 )==tAA11ac,
( 2, 2,  1, 0, -1, 1, 2 )==tAB11ac,
( 2, 2,  1, 0, -1, 2, 1 )==tBA11ac,
( 2, 2,  1, 0, -1, 2, 2 )==tBB11ac,
( 2, 2,  1, 0,  0, 1, 1 )==tAA11a,
( 2, 2,  1, 0,  0, 1, 2 )==tAB11a,
( 2, 2,  1, 0,  0, 2, 1 )==tBA11a,
( 2, 2,  1, 0,  0, 2, 2 )==tBB11a,
( 2, 2,  1, 0,  1, 1, 1 )==tAA11ac,
( 2, 2,  1, 0,  1, 1, 2 )==tAB11ac,
( 2, 2,  1, 0,  1, 2, 1 )==tBA11ac,
( 2, 2,  1, 0,  1, 2, 2 )==tBB11ac,
( 2, 3, -1, 0, -1, 1, 1 )==tAA14ii,
( 2, 3, -1, 0, -1, 1, 2 )==tAB14ii,
( 2, 3, -1, 0, -1, 2, 1 )==tAB14ii,
( 2, 3, -1, 0, -1, 2, 2 )==tBB14ii,
( 2, 3, -1, 0,  0, 1, 1 )==tAA14ii,
( 2, 3, -1, 0,  0, 1, 2 )==tAB14ii,
( 2, 3, -1, 0,  0, 2, 1 )==tAB14ii,
( 2, 3, -1, 0,  0, 2, 2 )==tBB14ii,
( 2, 3,  0, 0, -1, 1, 1 )==tAA14i,
( 2, 3,  0, 0, -1, 1, 2 )==tAB14i,
( 2, 3,  0, 0, -1, 2, 1 )==tAB14i,
( 2, 3,  0, 0, -1, 2, 2 )==tBB14i,
( 2, 3,  0, 0,  0, 1, 1 )==tAA14i,
( 2, 3,  0, 0,  0, 1, 2 )==tAB14i,
( 2, 3,  0, 0,  0, 2, 1 )==tAB14i,
( 2, 3,  0, 0,  0, 2, 2 )==tBB14i,
( 2, 3,  1, 0, -1, 1, 1 )==tAA14,
( 2, 3,  1, 0, -1, 1, 2 )==tAB14,
( 2, 3,  1, 0, -1, 2, 1 )==tAB14,
( 2, 3,  1, 0, -1, 2, 2 )==tBB14,
( 2, 3,  1, 0,  0, 1, 1 )==tAA14,
( 2, 3,  1, 0,  0, 1, 2 )==tAB14,
( 2, 3,  1, 0,  0, 2, 1 )==tAB14,
( 2, 3,  1, 0,  0, 2, 2 )==tBB14,
( 2, 3,  2, 0, -1, 1, 1 )==tAA14a,
( 2, 3,  2, 0, -1, 1, 2 )==tAB14a,
( 2, 3,  2, 0, -1, 2, 1 )==tAB14a,
( 2, 3,  2, 0,  0, 1, 1 )==tAA14a,
( 2, 3,  2, 0,  0, 1, 2 )==tAB14a,
( 2, 3,  2, 0,  0, 2, 1 )==tAB14a,
( 2, 4, -1, 0, -1, 1, 1 )==tAA13i,
( 2, 4, -1, 0, -1, 1, 2 )==tAB13i,
( 2, 4, -1, 0, -1, 2, 1 )==tAB13i,
( 2, 4, -1, 0, -1, 2, 2 )==tBB13i,
( 2, 4, -1, 0,  0, 1, 1 )==tAA13i,
( 2, 4, -1, 0,  0, 1, 2 )==tAB13i,
( 2, 4, -1, 0,  0, 2, 1 )==tAB13i,
( 2, 4, -1, 0,  0, 2, 2 )==tBB13i,
( 2, 4,  0, 0, -1, 1, 1 )==tAA13,
( 2, 4,  0, 0, -1, 1, 2 )==tAB13,
( 2, 4,  0, 0, -1, 2, 1 )==tAB13,
( 2, 4,  0, 0, -1, 2, 2 )==tBB13,
( 2, 4,  0, 0,  0, 1, 1 )==tAA13,
( 2, 4,  0, 0,  0, 1, 2 )==tAB13,
( 2, 4,  0, 0,  0, 2, 1 )==tAB13,
( 2, 4,  0, 0,  0, 2, 2 )==tBB13,
( 2, 4,  1, 0, -1, 1, 1 )==tAA13a,
( 2, 4,  1, 0, -1, 1, 2 )==tAB13a,
( 2, 4,  1, 0, -1, 2, 1 )==tAB13a,
( 2, 4,  1, 0, -1, 2, 2 )==tBB13a,
( 2, 4,  1, 0,  0, 1, 1 )==tAA13a,
( 2, 4,  1, 0,  0, 1, 2 )==tAB13a,
( 2, 4,  1, 0,  0, 2, 1 )==tAB13a,
( 2, 4,  1, 0,  0, 2, 2 )==tBB13a,
( 3, 1, -1, 0,  0, 1, 1 )==tAA13a,
( 3, 1, -1, 0,  0, 1, 2 )==tAB13a,
( 3, 1, -1, 0,  0, 2, 1 )==tAB13a,
( 3, 1, -1, 0,  0, 2, 2 )==tBB13a,
( 3, 1, -1, 0,  1, 1, 1 )==tAA13a,
( 3, 1, -1, 0,  1, 1, 2 )==tAB13a,
( 3, 1, -1, 0,  1, 2, 1 )==tAB13a,
( 3, 1, -1, 0,  1, 2, 2 )==tBB13a,
( 3, 1,  0, 0,  0, 1, 1 )==tAA13,
( 3, 1,  0, 0,  0, 1, 2 )==tAB13,
( 3, 1,  0, 0,  0, 2, 1 )==tAB13,
( 3, 1,  0, 0,  0, 2, 2 )==tBB13,
( 3, 1,  0, 0,  1, 1, 1 )==tAA13,
( 3, 1,  0, 0,  1, 1, 2 )==tAB13,
( 3, 1,  0, 0,  1, 2, 1 )==tAB13,
( 3, 1,  0, 0,  1, 2, 2 )==tBB13,
( 3, 1,  1, 0,  0, 1, 1 )==tAA13i,
( 3, 1,  1, 0,  0, 1, 2 )==tAB13i,
( 3, 1,  1, 0,  0, 2, 1 )==tAB13i,
( 3, 1,  1, 0,  0, 2, 2 )==tBB13i,
( 3, 1,  1, 0,  1, 1, 1 )==tAA13i,
( 3, 1,  1, 0,  1, 1, 2 )==tAB13i,
( 3, 1,  1, 0,  1, 2, 1 )==tAB13i,
( 3, 1,  1, 0,  1, 2, 2 )==tBB13i,
( 3, 2, -2, 0,  0, 1, 1 )==tAA14a,
( 3, 2, -2, 0,  0, 1, 2 )==tAB14a,
( 3, 2, -2, 0,  0, 2, 1 )==tAB14a,
( 3, 2, -2, 0,  1, 1, 1 )==tAA14a,
( 3, 2, -2, 0,  1, 1, 2 )==tAB14a,
( 3, 2, -2, 0,  1, 2, 1 )==tAB14a,
( 3, 2, -1, 0,  0, 1, 1 )==tAA14,
( 3, 2, -1, 0,  0, 1, 2 )==tAB14,
( 3, 2, -1, 0,  0, 2, 1 )==tAB14,
( 3, 2, -1, 0,  0, 2, 2 )==tBB14,
( 3, 2, -1, 0,  1, 1, 1 )==tAA14,
( 3, 2, -1, 0,  1, 1, 2 )==tAB14,
( 3, 2, -1, 0,  1, 2, 1 )==tAB14,
( 3, 2, -1, 0,  1, 2, 2 )==tBB14,
( 3, 2,  0, 0,  0, 1, 1 )==tAA14i,
( 3, 2,  0, 0,  0, 1, 2 )==tAB14i,
( 3, 2,  0, 0,  0, 2, 1 )==tAB14i,
( 3, 2,  0, 0,  0, 2, 2 )==tBB14i,
( 3, 2,  0, 0,  1, 1, 1 )==tAA14i,
( 3, 2,  0, 0,  1, 1, 2 )==tAB14i,
( 3, 2,  0, 0,  1, 2, 1 )==tAB14i,
( 3, 2,  0, 0,  1, 2, 2 )==tBB14i,
( 3, 2,  1, 0,  0, 1, 1 )==tAA14ii,
( 3, 2,  1, 0,  0, 1, 2 )==tAB14ii,
( 3, 2,  1, 0,  0, 2, 1 )==tAB14ii,
( 3, 2,  1, 0,  0, 2, 2 )==tBB14ii,
( 3, 2,  1, 0,  1, 1, 1 )==tAA14ii,
( 3, 2,  1, 0,  1, 1, 2 )==tAB14ii,
( 3, 2,  1, 0,  1, 2, 1 )==tAB14ii,
( 3, 2,  1, 0,  1, 2, 2 )==tBB14ii,
( 3, 3, -1, 0, -1, 1, 1 )==tAA11ac,
( 3, 3, -1, 0, -1, 1, 2 )==tAB11ac,
( 3, 3, -1, 0, -1, 2, 1 )==tBA11ac,
( 3, 3, -1, 0, -1, 2, 2 )==tBB11ac,
( 3, 3, -1, 0,  0, 1, 1 )==tAA11a,
( 3, 3, -1, 0,  0, 1, 2 )==tAB11a,
( 3, 3, -1, 0,  0, 2, 1 )==tBA11a,
( 3, 3, -1, 0,  0, 2, 2 )==tBB11a,
( 3, 3, -1, 0,  1, 1, 1 )==tAA11ac,
( 3, 3, -1, 0,  1, 1, 2 )==tAB11ac,
( 3, 3, -1, 0,  1, 2, 1 )==tBA11ac,
( 3, 3, -1, 0,  1, 2, 2 )==tBB11ac,
( 3, 3,  0, 0, -1, 1, 1 )==tAA11c,
( 3, 3,  0, 0, -1, 1, 2 )==tAB11c,
( 3, 3,  0, 0, -1, 2, 1 )==tAB11c,
( 3, 3,  0, 0, -1, 2, 2 )==tBB11c,
( 3, 3,  0, 0,  0, 1, 1 )==eA1,
( 3, 3,  0, 0,  0, 1, 2 )==eAB1,
( 3, 3,  0, 0,  0, 2, 1 )==eAB1,
( 3, 3,  0, 0,  0, 2, 2 )==eB1,
( 3, 3,  0, 0,  1, 1, 1 )==tAA11c,
( 3, 3,  0, 0,  1, 1, 2 )==tAB11c,
( 3, 3,  0, 0,  1, 2, 1 )==tAB11c,
( 3, 3,  0, 0,  1, 2, 2 )==tBB11c,
( 3, 3,  1, 0, -1, 1, 1 )==tAA11ac,
( 3, 3,  1, 0, -1, 1, 2 )==tBA11ac,
( 3, 3,  1, 0, -1, 2, 1 )==tAB11ac,
( 3, 3,  1, 0, -1, 2, 2 )==tBB11ac,
( 3, 3,  1, 0,  0, 1, 1 )==tAA11a,
( 3, 3,  1, 0,  0, 1, 2 )==tBA11a,
( 3, 3,  1, 0,  0, 2, 1 )==tAB11a,
( 3, 3,  1, 0,  0, 2, 2 )==tBB11a,
( 3, 3,  1, 0,  1, 1, 1 )==tAA11ac,
( 3, 3,  1, 0,  1, 1, 2 )==tBA11ac,
( 3, 3,  1, 0,  1, 2, 1 )==tAB11ac,
( 3, 3,  1, 0,  1, 2, 2 )==tBB11ac,
( 3, 4, -2, 0, -1, 1, 1 )==tAA12ac,
( 3, 4, -2, 0, -1, 1, 2 )==tAB12ac,
( 3, 4, -2, 0,  0, 1, 1 )==tAA12a,
( 3, 4, -2, 0,  0, 1, 2 )==tAB12a,
( 3, 4, -2, 0,  0, 2, 1 )==tBA12a,
( 3, 4, -2, 0,  0, 2, 2 )==tBB12a,
( 3, 4, -2, 0,  1, 1, 1 )==tAA12ac,
( 3, 4, -2, 0,  1, 1, 2 )==tAB12ac,
( 3, 4, -1, 0, -1, 1, 1 )==tAA12c,
( 3, 4, -1, 0, -1, 1, 2 )==tAB12c,
( 3, 4, -1, 0, -1, 2, 2 )==tBB12c,
( 3, 4, -1, 0,  0, 1, 1 )==tAA12,
( 3, 4, -1, 0,  0, 1, 2 )==tAB12,
( 3, 4, -1, 0,  0, 2, 1 )==tBA12,
( 3, 4, -1, 0,  0, 2, 2 )==tBB12,
( 3, 4, -1, 0,  1, 1, 1 )==tAA12c,
( 3, 4, -1, 0,  1, 1, 2 )==tAB12c,
( 3, 4, -1, 0,  1, 2, 2 )==tBB12c,
( 3, 4,  0, 0, -1, 1, 1 )==tAA12c,
( 3, 4,  0, 0, -1, 2, 1 )==tAB12c,
( 3, 4,  0, 0, -1, 2, 2 )==tBB12c,
( 3, 4,  0, 0,  0, 1, 1 )==tAA12,
( 3, 4,  0, 0,  0, 1, 2 )==tBA12,
( 3, 4,  0, 0,  0, 2, 1 )==tAB12,
( 3, 4,  0, 0,  0, 2, 2 )==tBB12,
( 3, 4,  0, 0,  1, 1, 1 )==tAA12c,
( 3, 4,  0, 0,  1, 2, 1 )==tAB12c,
( 3, 4,  0, 0,  1, 2, 2 )==tBB12c,
( 3, 4,  1, 0, -1, 1, 1 )==tAA12ac,
( 3, 4,  1, 0, -1, 2, 1 )==tAB12ac,
( 3, 4,  1, 0,  0, 1, 1 )==tAA12a,
( 3, 4,  1, 0,  0, 1, 2 )==tBA12a,
( 3, 4,  1, 0,  0, 2, 1 )==tAB12a,
( 3, 4,  1, 0,  0, 2, 2 )==tBB12a,
( 3, 4,  1, 0,  1, 1, 1 )==tAA12ac,
( 3, 4,  1, 0,  1, 2, 1 )==tAB12ac,
( 4, 1, -1, 0,  0, 1, 1 )==tAA14a,
( 4, 1, -1, 0,  0, 1, 2 )==tAB14a,
( 4, 1, -1, 0,  0, 2, 1 )==tAB14a,
( 4, 1, -1, 0,  1, 1, 1 )==tAA14a,
( 4, 1, -1, 0,  1, 1, 2 )==tAB14a,
( 4, 1, -1, 0,  1, 2, 1 )==tAB14a,
( 4, 1,  0, 0,  0, 1, 1 )==tAA14,
( 4, 1,  0, 0,  0, 1, 2 )==tAB14,
( 4, 1,  0, 0,  0, 2, 1 )==tAB14,
( 4, 1,  0, 0,  0, 2, 2 )==tBB14,
( 4, 1,  0, 0,  1, 1, 1 )==tAA14,
( 4, 1,  0, 0,  1, 1, 2 )==tAB14,
( 4, 1,  0, 0,  1, 2, 1 )==tAB14,
( 4, 1,  0, 0,  1, 2, 2 )==tBB14,
( 4, 1,  1, 0,  0, 1, 1 )==tAA14i,
( 4, 1,  1, 0,  0, 1, 2 )==tAB14i,
( 4, 1,  1, 0,  0, 2, 1 )==tAB14i,
( 4, 1,  1, 0,  0, 2, 2 )==tBB14i,
( 4, 1,  1, 0,  1, 1, 1 )==tAA14i,
( 4, 1,  1, 0,  1, 1, 2 )==tAB14i,
( 4, 1,  1, 0,  1, 2, 1 )==tAB14i,
( 4, 1,  1, 0,  1, 2, 2 )==tBB14i,
( 4, 1,  2, 0,  0, 1, 1 )==tAA14ii,
( 4, 1,  2, 0,  0, 1, 2 )==tAB14ii,
( 4, 1,  2, 0,  0, 2, 1 )==tAB14ii,
( 4, 1,  2, 0,  0, 2, 2 )==tBB14ii,
( 4, 1,  2, 0,  1, 1, 1 )==tAA14ii,
( 4, 1,  2, 0,  1, 1, 2 )==tAB14ii,
( 4, 1,  2, 0,  1, 2, 1 )==tAB14ii,
( 4, 1,  2, 0,  1, 2, 2 )==tBB14ii,
( 4, 2, -1, 0,  0, 1, 1 )==tAA13a,
( 4, 2, -1, 0,  0, 1, 2 )==tAB13a,
( 4, 2, -1, 0,  0, 2, 1 )==tAB13a,
( 4, 2, -1, 0,  0, 2, 2 )==tBB13a,
( 4, 2, -1, 0,  1, 1, 1 )==tAA13a,
( 4, 2, -1, 0,  1, 1, 2 )==tAB13a,
( 4, 2, -1, 0,  1, 2, 1 )==tAB13a,
( 4, 2, -1, 0,  1, 2, 2 )==tBB13a,
( 4, 2,  0, 0,  0, 1, 1 )==tAA13,
( 4, 2,  0, 0,  0, 1, 2 )==tAB13,
( 4, 2,  0, 0,  0, 2, 1 )==tAB13,
( 4, 2,  0, 0,  0, 2, 2 )==tBB13,
( 4, 2,  0, 0,  1, 1, 1 )==tAA13,
( 4, 2,  0, 0,  1, 1, 2 )==tAB13,
( 4, 2,  0, 0,  1, 2, 1 )==tAB13,
( 4, 2,  0, 0,  1, 2, 2 )==tBB13,
( 4, 2,  1, 0,  0, 1, 1 )==tAA13i,
( 4, 2,  1, 0,  0, 1, 2 )==tAB13i,
( 4, 2,  1, 0,  0, 2, 1 )==tAB13i,
( 4, 2,  1, 0,  0, 2, 2 )==tBB13i,
( 4, 2,  1, 0,  1, 1, 1 )==tAA13i,
( 4, 2,  1, 0,  1, 1, 2 )==tAB13i,
( 4, 2,  1, 0,  1, 2, 1 )==tAB13i,
( 4, 2,  1, 0,  1, 2, 2 )==tBB13i,
( 4, 3, -1, 0, -1, 1, 1 )==tAA12ac,
( 4, 3, -1, 0, -1, 1, 2 )==tAB12ac,
( 4, 3, -1, 0,  0, 1, 1 )==tAA12a,
( 4, 3, -1, 0,  0, 1, 2 )==tAB12a,
( 4, 3, -1, 0,  0, 2, 1 )==tBA12a,
( 4, 3, -1, 0,  0, 2, 2 )==tBB12a,
( 4, 3, -1, 0,  1, 1, 1 )==tAA12ac,
( 4, 3, -1, 0,  1, 1, 2 )==tAB12ac,
( 4, 3,  0, 0, -1, 1, 1 )==tAA12c,
( 4, 3,  0, 0, -1, 1, 2 )==tAB12c,
( 4, 3,  0, 0, -1, 2, 2 )==tBB12c,
( 4, 3,  0, 0,  0, 1, 1 )==tAA12,
( 4, 3,  0, 0,  0, 1, 2 )==tAB12,
( 4, 3,  0, 0,  0, 2, 1 )==tBA12,
( 4, 3,  0, 0,  0, 2, 2 )==tBB12,
( 4, 3,  0, 0,  1, 1, 1 )==tAA12c,
( 4, 3,  0, 0,  1, 1, 2 )==tAB12c,
( 4, 3,  0, 0,  1, 2, 2 )==tBB12c,
( 4, 3,  1, 0, -1, 1, 1 )==tAA12c,
( 4, 3,  1, 0, -1, 2, 1 )==tAB12c,
( 4, 3,  1, 0, -1, 2, 2 )==tBB12c,
( 4, 3,  1, 0,  0, 1, 1 )==tAA12,
( 4, 3,  1, 0,  0, 1, 2 )==tBA12,
( 4, 3,  1, 0,  0, 2, 1 )==tAB12,
( 4, 3,  1, 0,  0, 2, 2 )==tBB12,
( 4, 3,  1, 0,  1, 1, 1 )==tAA12c,
( 4, 3,  1, 0,  1, 2, 1 )==tAB12c,
( 4, 3,  1, 0,  1, 2, 2 )==tBB12c,
( 4, 3,  2, 0, -1, 1, 1 )==tAA12ac,
( 4, 3,  2, 0, -1, 2, 1 )==tAB12ac,
( 4, 3,  2, 0,  0, 1, 1 )==tAA12a,
( 4, 3,  2, 0,  0, 1, 2 )==tBA12a,
( 4, 3,  2, 0,  0, 2, 1 )==tAB12a,
( 4, 3,  2, 0,  0, 2, 2 )==tBB12a,
( 4, 3,  2, 0,  1, 1, 1 )==tAA12ac,
( 4, 3,  2, 0,  1, 2, 1 )==tAB12ac,
( 4, 4, -1, 0, -1, 1, 1 )==tAA11ac,
( 4, 4, -1, 0, -1, 1, 2 )==tAB11ac,
( 4, 4, -1, 0, -1, 2, 1 )==tBA11ac,
( 4, 4, -1, 0, -1, 2, 2 )==tBB11ac,
( 4, 4, -1, 0,  0, 1, 1 )==tAA11a,
( 4, 4, -1, 0,  0, 1, 2 )==tAB11a,
( 4, 4, -1, 0,  0, 2, 1 )==tBA11a,
( 4, 4, -1, 0,  0, 2, 2 )==tBB11a,
( 4, 4, -1, 0,  1, 1, 1 )==tAA11ac,
( 4, 4, -1, 0,  1, 1, 2 )==tAB11ac,
( 4, 4, -1, 0,  1, 2, 1 )==tBA11ac,
( 4, 4, -1, 0,  1, 2, 2 )==tBB11ac,
( 4, 4,  0, 0, -1, 1, 1 )==tAA11c,
( 4, 4,  0, 0, -1, 1, 2 )==tAB11c,
( 4, 4,  0, 0, -1, 2, 1 )==tAB11c,
( 4, 4,  0, 0, -1, 2, 2 )==tBB11c,
( 4, 4,  0, 0,  0, 1, 1 )==eA1,
( 4, 4,  0, 0,  0, 1, 2 )==eAB1,
( 4, 4,  0, 0,  0, 2, 1 )==eAB1,
( 4, 4,  0, 0,  0, 2, 2 )==eB1,
( 4, 4,  0, 0,  1, 1, 1 )==tAA11c,
( 4, 4,  0, 0,  1, 1, 2 )==tAB11c,
( 4, 4,  0, 0,  1, 2, 1 )==tAB11c,
( 4, 4,  0, 0,  1, 2, 2 )==tBB11c,
( 4, 4,  1, 0, -1, 1, 1 )==tAA11ac,
( 4, 4,  1, 0, -1, 1, 2 )==tBA11ac,
( 4, 4,  1, 0, -1, 2, 1 )==tAB11ac,
( 4, 4,  1, 0, -1, 2, 2 )==tBB11ac,
( 4, 4,  1, 0,  0, 1, 1 )==tAA11a,
( 4, 4,  1, 0,  0, 1, 2 )==tBA11a,
( 4, 4,  1, 0,  0, 2, 1 )==tAB11a,
( 4, 4,  1, 0,  0, 2, 2 )==tBB11a,
( 4, 4,  1, 0,  1, 1, 1 )==tAA11ac,
( 4, 4,  1, 0,  1, 1, 2 )==tBA11ac,
( 4, 4,  1, 0,  1, 2, 1 )==tAB11ac,
( 4, 4,  1, 0,  1, 2, 2 )==tBB11ac,
NULL]
