eunit=meV, punit=GPa

Translations: 3,4,13 Imaginary: 1,2

N=300, ZPE=76.99 meV/mode, F(300K)=81.33 meV/mode

-2.63,-1.90,-0.73,-0.34,1.27,2.95,3.10,3.65,4.40 .. 390,390,390 meV

-2.63,-1.90,-0.73,-0.34,1.27,2.95,3.10,3.65,4.40,4.75,5.76,6.87,8.05,8.54,11.73,12.40,12.40,13.30,13.90,14.05,14.11,14.86,15.11,15.37,16.02,16.76,17.70,17.71,18.43,18.52,18.55,18.65,18.65,19.02,19.05,19.36,20.83,21.86,23.15,23.92,24.06,24.16,24.46,25.25,26.16,26.57,26.97,27.38,27.94,28.43,30.62,30.65,30.79,30.84,31.61,32.29,32.56,32.68,37.45,37.56,41.71,41.86,48.41,49.18,49.59,49.62,51.32,51.46,53.71,53.97,55.11,55.21,56.65,56.84,58.22,58.46,66.54,66.76,69.85,69.90,75.36,75.38,75.75,75.90,76.42,76.73,79.90,80.17,86.84,86.87,88.46,88.46,89.19,89.20,89.77,89.81,90.48,90.50,90.55,90.59,94.86,94.88,95.66,95.71,98.10,98.40,98.87,99.16,105.40,106.15,107.23,107.32,107.40,107.40,107.89,107.98,108.84,109.10,109.44,109.70,114.14,114.50,120.15,120.18,120.59,120.62,123.15,123.48,124.35,124.40,124.46,124.58,128.16,128.18,129.17,129.19,130.70,130.85,130.97,131.09,131.81,131.84,132.09,132.09,135.28,135.31,135.43,135.46,137.25,137.28,137.29,137.32,145.63,145.74,146.35,146.35,146.47,146.48,148.29,148.35,148.69,149.12,149.88,150.12,151.11,151.21,153.37,153.39,154.05,154.10,154.23,154.26,156.42,156.51,157.26,157.29,158.21,158.24,158.78,158.80,159.85,159.85,159.97,159.97,160.21,160.22,160.86,160.86,161.42,162.29,162.61,163.40,165.46,166.19,166.23,166.93,167.25,167.25,167.37,167.40,168.90,168.90,168.91,168.91,169.44,169.45,171.29,171.67,174.56,174.66,175.26,175.47,176.26,176.27,176.90,176.93,176.95,177.62,178.32,178.44,178.67,178.69,178.85,178.85,179.38,179.40,179.80,179.81,179.81,180.13,180.32,180.48,180.48,180.67,180.90,180.90,181.54,181.55,181.72,181.83,184.56,184.62,190.94,190.98,363.48,363.49,363.50,363.54,365.04,365.04,365.21,365.21,365.89,365.89,366.00,366.00,366.53,366.56,366.77,366.79,367.31,367.31,367.38,367.39,368.21,368.21,368.24,368.24,368.40,368.40,368.44,368.46,369.40,369.40,369.43,369.43,369.48,369.48,369.54,369.58,372.10,372.10,372.42,372.42,373.36,373.37,374.02,374.02,377.86,377.86,378.31,378.32,378.36,378.36,378.38,378.40,389.61,389.62,389.65,389.66

 XX  73.506
 YY   1.248   5.923
 ZZ  -0.559   0.098   7.692
 XY   0.000  -0.000  -0.000   2.074
 YZ   0.000   0.000   0.000  -0.000   0.551
 ZX   0.000  -0.000  -0.000   0.000  -0.000   0.276
       XX      YY      ZZ      XY      YZ      ZX

      0.276   0.551   2.074   5.893   7.693  73.533
 XX   0.000   0.000   0.000  -0.019   0.007  -1.000
 YY   0.000   0.000   0.000   0.998   0.060  -0.018
 ZZ   0.000   0.000   0.000  -0.060   0.998   0.008
 XY   0.000   0.000   1.000  -0.000   0.000   0.000
 YZ   0.000   1.000   0.000  -0.000   0.000   0.000
 ZX   1.000   0.000   0.000  -0.000   0.000   0.000

K=3.281, GR=0.788, GV=2.194

false pressure=-0.019, external pressure by components:
     -1.137  -1.104  -0.556  -0.007  -0.025  -0.014
      1.195   1.177   0.559  -0.007  -0.025  -0.014
