# Effective 2-orbital Hamiltonian for pistack-DAaac
SG=p21/b11:400xz
orbs=[[1,2,3,4]]
M=Matrix(3,3,[
a,0,0,
0,b,0,
0,0,c])
P=Matrix(3,4,[
x,x+1/2,-x+1/2,-x+1,
y,-y,-y,y,
z,-z-1/2,-z,z+1/2])
geoparams=[
"pistack-DAaac_PBE-D3paw900"==[ a=7.791553, b=20, c=9.286939, x=-0.126540, y=0.154360, z=-0.472219],
NULL]
params=[
 # dimer+NN approximation
"pistack-DAaac_PBE-D3paw900_CAM-B3LYPp2p_h"==[ E0=-7.624376, eAB1=-0.009962, eB1=-0.438244, tAA12=-1.007148, tAB12=0.253039, tBA12=0.281590, tBB12=-0.126851, tAA14ii=0.016386, tAB14ii=-0.001695, tBA14ii=-0.007691, tBB14ii=0.001716, tAA14i=0.058879, tAB14i=0.071184, tBA14i=-0.047518, tBB14i=-0.013383, tAA11a=0.069735, tAB11a=-0.017217, tBB11a=0.003439, tAA13k=-0.082587, tAB13k=0.104671, tBB13k=0.145171, tAA13ik=-0.011852, tAB13ik=0.007947, tBB13ik=-0.003837, tAA13=0.019666, tAB13=0.078927, tBB13=0.178590, tAA14=0.029801, tAB14=-0.056819, tBA14=0.032281, tBB14=-0.003540, tBA12k=0.004505, tBB12k=0.005354, tBA11c=-0.005077, tAA11ac=-0.003901, tAA12a=-0.038748, tAB12a=0.008191, tBA12a=0.009580, tBB12a=-0.002354, tAA13ak=-0.006438, tBB13ak=0.002807, tAA13i=0.061849, tAB13i=-0.030678, tBB13i=0.013015, tAA13a=0.016105, tAB13a=-0.005724, tAA12c=-0.006902, tBA12c=-0.004169, tBB12c=0.005427, tAB11ic=0.001591, tBA11ic=-0.003099, tAA13ikk=0.001028, tAA14a=0.006777, tAB14a=-0.007482, tAA14c=-0.001137, tBA14c=-0.001386, tAA13akk=-0.001891, tAA12ac=-0.005878, tAB13c=-0.001161, tAA14ac=-0.001335],
NULL]
H=[
( 1, 1, -1, 0, -1, 1, 1 )==tAA11ac,
( 1, 1, -1, 0,  0, 1, 1 )==tAA11a,
( 1, 1, -1, 0,  0, 1, 2 )==tBA11a,
( 1, 1, -1, 0,  0, 2, 1 )==tAB11a,
( 1, 1, -1, 0,  0, 2, 2 )==tBB11a,
( 1, 1, -1, 0,  1, 1, 2 )==tAB11ic,
( 1, 1, -1, 0,  1, 2, 1 )==tBA11ic,
( 1, 1,  0, 0, -1, 1, 2 )==tBA11c,
( 1, 1,  0, 0,  0, 1, 1 )==eA1,
( 1, 1,  0, 0,  0, 1, 2 )==eAB1,
( 1, 1,  0, 0,  0, 2, 1 )==eAB1,
( 1, 1,  0, 0,  0, 2, 2 )==eB1,
( 1, 1,  0, 0,  1, 2, 1 )==tBA11c,
( 1, 1,  1, 0, -1, 1, 2 )==tBA11ic,
( 1, 1,  1, 0, -1, 2, 1 )==tAB11ic,
( 1, 1,  1, 0,  0, 1, 1 )==tAA11a,
( 1, 1,  1, 0,  0, 1, 2 )==tAB11a,
( 1, 1,  1, 0,  0, 2, 1 )==tBA11a,
( 1, 1,  1, 0,  0, 2, 2 )==tBB11a,
( 1, 1,  1, 0,  1, 1, 1 )==tAA11ac,
( 1, 2, -2, 0,  0, 1, 1 )==tAA12a,
( 1, 2, -2, 0,  0, 1, 2 )==tBA12a,
( 1, 2, -2, 0,  0, 2, 1 )==tAB12a,
( 1, 2, -2, 0,  0, 2, 2 )==tBB12a,
( 1, 2, -2, 0,  1, 1, 1 )==tAA12ac,
( 1, 2, -1, 0, -1, 1, 2 )==tBA12k,
( 1, 2, -1, 0, -1, 2, 2 )==tBB12k,
( 1, 2, -1, 0,  0, 1, 1 )==tAA12,
( 1, 2, -1, 0,  0, 1, 2 )==tBA12,
( 1, 2, -1, 0,  0, 2, 1 )==tAB12,
( 1, 2, -1, 0,  0, 2, 2 )==tBB12,
( 1, 2, -1, 0,  1, 1, 1 )==tAA12c,
( 1, 2, -1, 0,  1, 1, 2 )==tBA12c,
( 1, 2, -1, 0,  1, 2, 2 )==tBB12c,
( 1, 2,  0, 0, -1, 2, 1 )==tBA12k,
( 1, 2,  0, 0, -1, 2, 2 )==tBB12k,
( 1, 2,  0, 0,  0, 1, 1 )==tAA12,
( 1, 2,  0, 0,  0, 1, 2 )==tAB12,
( 1, 2,  0, 0,  0, 2, 1 )==tBA12,
( 1, 2,  0, 0,  0, 2, 2 )==tBB12,
( 1, 2,  0, 0,  1, 1, 1 )==tAA12c,
( 1, 2,  0, 0,  1, 2, 1 )==tBA12c,
( 1, 2,  0, 0,  1, 2, 2 )==tBB12c,
( 1, 2,  1, 0,  0, 1, 1 )==tAA12a,
( 1, 2,  1, 0,  0, 1, 2 )==tAB12a,
( 1, 2,  1, 0,  0, 2, 1 )==tBA12a,
( 1, 2,  1, 0,  0, 2, 2 )==tBB12a,
( 1, 2,  1, 0,  1, 1, 1 )==tAA12ac,
( 1, 3, -1, 0, -2, 1, 1 )==tAA13ikk,
( 1, 3, -1, 0, -1, 1, 1 )==tAA13ik,
( 1, 3, -1, 0, -1, 1, 2 )==tAB13ik,
( 1, 3, -1, 0, -1, 2, 1 )==tAB13ik,
( 1, 3, -1, 0, -1, 2, 2 )==tBB13ik,
( 1, 3, -1, 0,  0, 1, 1 )==tAA13i,
( 1, 3, -1, 0,  0, 1, 2 )==tAB13i,
( 1, 3, -1, 0,  0, 2, 1 )==tAB13i,
( 1, 3, -1, 0,  0, 2, 2 )==tBB13i,
( 1, 3,  0, 0, -1, 1, 1 )==tAA13k,
( 1, 3,  0, 0, -1, 1, 2 )==tAB13k,
( 1, 3,  0, 0, -1, 2, 1 )==tAB13k,
( 1, 3,  0, 0, -1, 2, 2 )==tBB13k,
( 1, 3,  0, 0,  0, 1, 1 )==tAA13,
( 1, 3,  0, 0,  0, 1, 2 )==tAB13,
( 1, 3,  0, 0,  0, 2, 1 )==tAB13,
( 1, 3,  0, 0,  0, 2, 2 )==tBB13,
( 1, 3,  0, 0,  1, 1, 2 )==tAB13c,
( 1, 3,  0, 0,  1, 2, 1 )==tAB13c,
( 1, 3,  1, 0, -2, 1, 1 )==tAA13akk,
( 1, 3,  1, 0, -1, 1, 1 )==tAA13ak,
( 1, 3,  1, 0, -1, 2, 2 )==tBB13ak,
( 1, 3,  1, 0,  0, 1, 1 )==tAA13a,
( 1, 3,  1, 0,  0, 1, 2 )==tAB13a,
( 1, 3,  1, 0,  0, 2, 1 )==tAB13a,
( 1, 4, -2, 0, -1, 1, 1 )==tAA14ii,
( 1, 4, -2, 0, -1, 1, 2 )==tBA14ii,
( 1, 4, -2, 0, -1, 2, 1 )==tAB14ii,
( 1, 4, -2, 0, -1, 2, 2 )==tBB14ii,
( 1, 4, -2, 0,  0, 1, 1 )==tAA14ii,
( 1, 4, -2, 0,  0, 1, 2 )==tAB14ii,
( 1, 4, -2, 0,  0, 2, 1 )==tBA14ii,
( 1, 4, -2, 0,  0, 2, 2 )==tBB14ii,
( 1, 4, -1, 0, -1, 1, 1 )==tAA14i,
( 1, 4, -1, 0, -1, 1, 2 )==tBA14i,
( 1, 4, -1, 0, -1, 2, 1 )==tAB14i,
( 1, 4, -1, 0, -1, 2, 2 )==tBB14i,
( 1, 4, -1, 0,  0, 1, 1 )==tAA14i,
( 1, 4, -1, 0,  0, 1, 2 )==tAB14i,
( 1, 4, -1, 0,  0, 2, 1 )==tBA14i,
( 1, 4, -1, 0,  0, 2, 2 )==tBB14i,
( 1, 4,  0, 0, -2, 1, 1 )==tAA14c,
( 1, 4,  0, 0, -2, 1, 2 )==tBA14c,
( 1, 4,  0, 0, -1, 1, 1 )==tAA14,
( 1, 4,  0, 0, -1, 1, 2 )==tBA14,
( 1, 4,  0, 0, -1, 2, 1 )==tAB14,
( 1, 4,  0, 0, -1, 2, 2 )==tBB14,
( 1, 4,  0, 0,  0, 1, 1 )==tAA14,
( 1, 4,  0, 0,  0, 1, 2 )==tAB14,
( 1, 4,  0, 0,  0, 2, 1 )==tBA14,
( 1, 4,  0, 0,  0, 2, 2 )==tBB14,
( 1, 4,  0, 0,  1, 1, 1 )==tAA14c,
( 1, 4,  0, 0,  1, 2, 1 )==tBA14c,
( 1, 4,  1, 0, -2, 1, 1 )==tAA14ac,
( 1, 4,  1, 0, -1, 1, 1 )==tAA14a,
( 1, 4,  1, 0, -1, 2, 1 )==tAB14a,
( 1, 4,  1, 0,  0, 1, 1 )==tAA14a,
( 1, 4,  1, 0,  0, 1, 2 )==tAB14a,
( 1, 4,  1, 0,  1, 1, 1 )==tAA14ac,
( 2, 1, -1, 0, -1, 1, 1 )==tAA12ac,
( 2, 1, -1, 0,  0, 1, 1 )==tAA12a,
( 2, 1, -1, 0,  0, 1, 2 )==tBA12a,
( 2, 1, -1, 0,  0, 2, 1 )==tAB12a,
( 2, 1, -1, 0,  0, 2, 2 )==tBB12a,
( 2, 1,  0, 0, -1, 1, 1 )==tAA12c,
( 2, 1,  0, 0, -1, 1, 2 )==tBA12c,
( 2, 1,  0, 0, -1, 2, 2 )==tBB12c,
( 2, 1,  0, 0,  0, 1, 1 )==tAA12,
( 2, 1,  0, 0,  0, 1, 2 )==tBA12,
( 2, 1,  0, 0,  0, 2, 1 )==tAB12,
( 2, 1,  0, 0,  0, 2, 2 )==tBB12,
( 2, 1,  0, 0,  1, 1, 2 )==tBA12k,
( 2, 1,  0, 0,  1, 2, 2 )==tBB12k,
( 2, 1,  1, 0, -1, 1, 1 )==tAA12c,
( 2, 1,  1, 0, -1, 2, 1 )==tBA12c,
( 2, 1,  1, 0, -1, 2, 2 )==tBB12c,
( 2, 1,  1, 0,  0, 1, 1 )==tAA12,
( 2, 1,  1, 0,  0, 1, 2 )==tAB12,
( 2, 1,  1, 0,  0, 2, 1 )==tBA12,
( 2, 1,  1, 0,  0, 2, 2 )==tBB12,
( 2, 1,  1, 0,  1, 2, 1 )==tBA12k,
( 2, 1,  1, 0,  1, 2, 2 )==tBB12k,
( 2, 1,  2, 0, -1, 1, 1 )==tAA12ac,
( 2, 1,  2, 0,  0, 1, 1 )==tAA12a,
( 2, 1,  2, 0,  0, 1, 2 )==tAB12a,
( 2, 1,  2, 0,  0, 2, 1 )==tBA12a,
( 2, 1,  2, 0,  0, 2, 2 )==tBB12a,
( 2, 2, -1, 0, -1, 1, 2 )==tAB11ic,
( 2, 2, -1, 0, -1, 2, 1 )==tBA11ic,
( 2, 2, -1, 0,  0, 1, 1 )==tAA11a,
( 2, 2, -1, 0,  0, 1, 2 )==tBA11a,
( 2, 2, -1, 0,  0, 2, 1 )==tAB11a,
( 2, 2, -1, 0,  0, 2, 2 )==tBB11a,
( 2, 2, -1, 0,  1, 1, 1 )==tAA11ac,
( 2, 2,  0, 0, -1, 2, 1 )==tBA11c,
( 2, 2,  0, 0,  0, 1, 1 )==eA1,
( 2, 2,  0, 0,  0, 1, 2 )==eAB1,
( 2, 2,  0, 0,  0, 2, 1 )==eAB1,
( 2, 2,  0, 0,  0, 2, 2 )==eB1,
( 2, 2,  0, 0,  1, 1, 2 )==tBA11c,
( 2, 2,  1, 0, -1, 1, 1 )==tAA11ac,
( 2, 2,  1, 0,  0, 1, 1 )==tAA11a,
( 2, 2,  1, 0,  0, 1, 2 )==tAB11a,
( 2, 2,  1, 0,  0, 2, 1 )==tBA11a,
( 2, 2,  1, 0,  0, 2, 2 )==tBB11a,
( 2, 2,  1, 0,  1, 1, 2 )==tBA11ic,
( 2, 2,  1, 0,  1, 2, 1 )==tAB11ic,
( 2, 3, -1, 0, -1, 1, 1 )==tAA14ii,
( 2, 3, -1, 0, -1, 1, 2 )==tAB14ii,
( 2, 3, -1, 0, -1, 2, 1 )==tBA14ii,
( 2, 3, -1, 0, -1, 2, 2 )==tBB14ii,
( 2, 3, -1, 0,  0, 1, 1 )==tAA14ii,
( 2, 3, -1, 0,  0, 1, 2 )==tBA14ii,
( 2, 3, -1, 0,  0, 2, 1 )==tAB14ii,
( 2, 3, -1, 0,  0, 2, 2 )==tBB14ii,
( 2, 3,  0, 0, -1, 1, 1 )==tAA14i,
( 2, 3,  0, 0, -1, 1, 2 )==tAB14i,
( 2, 3,  0, 0, -1, 2, 1 )==tBA14i,
( 2, 3,  0, 0, -1, 2, 2 )==tBB14i,
( 2, 3,  0, 0,  0, 1, 1 )==tAA14i,
( 2, 3,  0, 0,  0, 1, 2 )==tBA14i,
( 2, 3,  0, 0,  0, 2, 1 )==tAB14i,
( 2, 3,  0, 0,  0, 2, 2 )==tBB14i,
( 2, 3,  1, 0, -2, 1, 1 )==tAA14c,
( 2, 3,  1, 0, -2, 2, 1 )==tBA14c,
( 2, 3,  1, 0, -1, 1, 1 )==tAA14,
( 2, 3,  1, 0, -1, 1, 2 )==tAB14,
( 2, 3,  1, 0, -1, 2, 1 )==tBA14,
( 2, 3,  1, 0, -1, 2, 2 )==tBB14,
( 2, 3,  1, 0,  0, 1, 1 )==tAA14,
( 2, 3,  1, 0,  0, 1, 2 )==tBA14,
( 2, 3,  1, 0,  0, 2, 1 )==tAB14,
( 2, 3,  1, 0,  0, 2, 2 )==tBB14,
( 2, 3,  1, 0,  1, 1, 1 )==tAA14c,
( 2, 3,  1, 0,  1, 1, 2 )==tBA14c,
( 2, 3,  2, 0, -2, 1, 1 )==tAA14ac,
( 2, 3,  2, 0, -1, 1, 1 )==tAA14a,
( 2, 3,  2, 0, -1, 1, 2 )==tAB14a,
( 2, 3,  2, 0,  0, 1, 1 )==tAA14a,
( 2, 3,  2, 0,  0, 2, 1 )==tAB14a,
( 2, 3,  2, 0,  1, 1, 1 )==tAA14ac,
( 2, 4, -1, 0, -1, 1, 1 )==tAA13i,
( 2, 4, -1, 0, -1, 1, 2 )==tAB13i,
( 2, 4, -1, 0, -1, 2, 1 )==tAB13i,
( 2, 4, -1, 0, -1, 2, 2 )==tBB13i,
( 2, 4, -1, 0,  0, 1, 1 )==tAA13ik,
( 2, 4, -1, 0,  0, 1, 2 )==tAB13ik,
( 2, 4, -1, 0,  0, 2, 1 )==tAB13ik,
( 2, 4, -1, 0,  0, 2, 2 )==tBB13ik,
( 2, 4, -1, 0,  1, 1, 1 )==tAA13ikk,
( 2, 4,  0, 0, -2, 1, 2 )==tAB13c,
( 2, 4,  0, 0, -2, 2, 1 )==tAB13c,
( 2, 4,  0, 0, -1, 1, 1 )==tAA13,
( 2, 4,  0, 0, -1, 1, 2 )==tAB13,
( 2, 4,  0, 0, -1, 2, 1 )==tAB13,
( 2, 4,  0, 0, -1, 2, 2 )==tBB13,
( 2, 4,  0, 0,  0, 1, 1 )==tAA13k,
( 2, 4,  0, 0,  0, 1, 2 )==tAB13k,
( 2, 4,  0, 0,  0, 2, 1 )==tAB13k,
( 2, 4,  0, 0,  0, 2, 2 )==tBB13k,
( 2, 4,  1, 0, -1, 1, 1 )==tAA13a,
( 2, 4,  1, 0, -1, 1, 2 )==tAB13a,
( 2, 4,  1, 0, -1, 2, 1 )==tAB13a,
( 2, 4,  1, 0,  0, 1, 1 )==tAA13ak,
( 2, 4,  1, 0,  0, 2, 2 )==tBB13ak,
( 2, 4,  1, 0,  1, 1, 1 )==tAA13akk,
( 3, 1, -1, 0,  0, 1, 1 )==tAA13a,
( 3, 1, -1, 0,  0, 1, 2 )==tAB13a,
( 3, 1, -1, 0,  0, 2, 1 )==tAB13a,
( 3, 1, -1, 0,  1, 1, 1 )==tAA13ak,
( 3, 1, -1, 0,  1, 2, 2 )==tBB13ak,
( 3, 1, -1, 0,  2, 1, 1 )==tAA13akk,
( 3, 1,  0, 0, -1, 1, 2 )==tAB13c,
( 3, 1,  0, 0, -1, 2, 1 )==tAB13c,
( 3, 1,  0, 0,  0, 1, 1 )==tAA13,
( 3, 1,  0, 0,  0, 1, 2 )==tAB13,
( 3, 1,  0, 0,  0, 2, 1 )==tAB13,
( 3, 1,  0, 0,  0, 2, 2 )==tBB13,
( 3, 1,  0, 0,  1, 1, 1 )==tAA13k,
( 3, 1,  0, 0,  1, 1, 2 )==tAB13k,
( 3, 1,  0, 0,  1, 2, 1 )==tAB13k,
( 3, 1,  0, 0,  1, 2, 2 )==tBB13k,
( 3, 1,  1, 0,  0, 1, 1 )==tAA13i,
( 3, 1,  1, 0,  0, 1, 2 )==tAB13i,
( 3, 1,  1, 0,  0, 2, 1 )==tAB13i,
( 3, 1,  1, 0,  0, 2, 2 )==tBB13i,
( 3, 1,  1, 0,  1, 1, 1 )==tAA13ik,
( 3, 1,  1, 0,  1, 1, 2 )==tAB13ik,
( 3, 1,  1, 0,  1, 2, 1 )==tAB13ik,
( 3, 1,  1, 0,  1, 2, 2 )==tBB13ik,
( 3, 1,  1, 0,  2, 1, 1 )==tAA13ikk,
( 3, 2, -2, 0, -1, 1, 1 )==tAA14ac,
( 3, 2, -2, 0,  0, 1, 1 )==tAA14a,
( 3, 2, -2, 0,  0, 1, 2 )==tAB14a,
( 3, 2, -2, 0,  1, 1, 1 )==tAA14a,
( 3, 2, -2, 0,  1, 2, 1 )==tAB14a,
( 3, 2, -2, 0,  2, 1, 1 )==tAA14ac,
( 3, 2, -1, 0, -1, 1, 1 )==tAA14c,
( 3, 2, -1, 0, -1, 2, 1 )==tBA14c,
( 3, 2, -1, 0,  0, 1, 1 )==tAA14,
( 3, 2, -1, 0,  0, 1, 2 )==tAB14,
( 3, 2, -1, 0,  0, 2, 1 )==tBA14,
( 3, 2, -1, 0,  0, 2, 2 )==tBB14,
( 3, 2, -1, 0,  1, 1, 1 )==tAA14,
( 3, 2, -1, 0,  1, 1, 2 )==tBA14,
( 3, 2, -1, 0,  1, 2, 1 )==tAB14,
( 3, 2, -1, 0,  1, 2, 2 )==tBB14,
( 3, 2, -1, 0,  2, 1, 1 )==tAA14c,
( 3, 2, -1, 0,  2, 1, 2 )==tBA14c,
( 3, 2,  0, 0,  0, 1, 1 )==tAA14i,
( 3, 2,  0, 0,  0, 1, 2 )==tAB14i,
( 3, 2,  0, 0,  0, 2, 1 )==tBA14i,
( 3, 2,  0, 0,  0, 2, 2 )==tBB14i,
( 3, 2,  0, 0,  1, 1, 1 )==tAA14i,
( 3, 2,  0, 0,  1, 1, 2 )==tBA14i,
( 3, 2,  0, 0,  1, 2, 1 )==tAB14i,
( 3, 2,  0, 0,  1, 2, 2 )==tBB14i,
( 3, 2,  1, 0,  0, 1, 1 )==tAA14ii,
( 3, 2,  1, 0,  0, 1, 2 )==tAB14ii,
( 3, 2,  1, 0,  0, 2, 1 )==tBA14ii,
( 3, 2,  1, 0,  0, 2, 2 )==tBB14ii,
( 3, 2,  1, 0,  1, 1, 1 )==tAA14ii,
( 3, 2,  1, 0,  1, 1, 2 )==tBA14ii,
( 3, 2,  1, 0,  1, 2, 1 )==tAB14ii,
( 3, 2,  1, 0,  1, 2, 2 )==tBB14ii,
( 3, 3, -1, 0, -1, 1, 1 )==tAA11ac,
( 3, 3, -1, 0,  0, 1, 1 )==tAA11a,
( 3, 3, -1, 0,  0, 1, 2 )==tAB11a,
( 3, 3, -1, 0,  0, 2, 1 )==tBA11a,
( 3, 3, -1, 0,  0, 2, 2 )==tBB11a,
( 3, 3, -1, 0,  1, 1, 2 )==tBA11ic,
( 3, 3, -1, 0,  1, 2, 1 )==tAB11ic,
( 3, 3,  0, 0, -1, 2, 1 )==tBA11c,
( 3, 3,  0, 0,  0, 1, 1 )==eA1,
( 3, 3,  0, 0,  0, 1, 2 )==eAB1,
( 3, 3,  0, 0,  0, 2, 1 )==eAB1,
( 3, 3,  0, 0,  0, 2, 2 )==eB1,
( 3, 3,  0, 0,  1, 1, 2 )==tBA11c,
( 3, 3,  1, 0, -1, 1, 2 )==tAB11ic,
( 3, 3,  1, 0, -1, 2, 1 )==tBA11ic,
( 3, 3,  1, 0,  0, 1, 1 )==tAA11a,
( 3, 3,  1, 0,  0, 1, 2 )==tBA11a,
( 3, 3,  1, 0,  0, 2, 1 )==tAB11a,
( 3, 3,  1, 0,  0, 2, 2 )==tBB11a,
( 3, 3,  1, 0,  1, 1, 1 )==tAA11ac,
( 3, 4, -2, 0, -1, 1, 1 )==tAA12ac,
( 3, 4, -2, 0,  0, 1, 1 )==tAA12a,
( 3, 4, -2, 0,  0, 1, 2 )==tAB12a,
( 3, 4, -2, 0,  0, 2, 1 )==tBA12a,
( 3, 4, -2, 0,  0, 2, 2 )==tBB12a,
( 3, 4, -1, 0, -1, 1, 1 )==tAA12c,
( 3, 4, -1, 0, -1, 2, 1 )==tBA12c,
( 3, 4, -1, 0, -1, 2, 2 )==tBB12c,
( 3, 4, -1, 0,  0, 1, 1 )==tAA12,
( 3, 4, -1, 0,  0, 1, 2 )==tAB12,
( 3, 4, -1, 0,  0, 2, 1 )==tBA12,
( 3, 4, -1, 0,  0, 2, 2 )==tBB12,
( 3, 4, -1, 0,  1, 2, 1 )==tBA12k,
( 3, 4, -1, 0,  1, 2, 2 )==tBB12k,
( 3, 4,  0, 0, -1, 1, 1 )==tAA12c,
( 3, 4,  0, 0, -1, 1, 2 )==tBA12c,
( 3, 4,  0, 0, -1, 2, 2 )==tBB12c,
( 3, 4,  0, 0,  0, 1, 1 )==tAA12,
( 3, 4,  0, 0,  0, 1, 2 )==tBA12,
( 3, 4,  0, 0,  0, 2, 1 )==tAB12,
( 3, 4,  0, 0,  0, 2, 2 )==tBB12,
( 3, 4,  0, 0,  1, 1, 2 )==tBA12k,
( 3, 4,  0, 0,  1, 2, 2 )==tBB12k,
( 3, 4,  1, 0, -1, 1, 1 )==tAA12ac,
( 3, 4,  1, 0,  0, 1, 1 )==tAA12a,
( 3, 4,  1, 0,  0, 1, 2 )==tBA12a,
( 3, 4,  1, 0,  0, 2, 1 )==tAB12a,
( 3, 4,  1, 0,  0, 2, 2 )==tBB12a,
( 4, 1, -1, 0, -1, 1, 1 )==tAA14ac,
( 4, 1, -1, 0,  0, 1, 1 )==tAA14a,
( 4, 1, -1, 0,  0, 2, 1 )==tAB14a,
( 4, 1, -1, 0,  1, 1, 1 )==tAA14a,
( 4, 1, -1, 0,  1, 1, 2 )==tAB14a,
( 4, 1, -1, 0,  2, 1, 1 )==tAA14ac,
( 4, 1,  0, 0, -1, 1, 1 )==tAA14c,
( 4, 1,  0, 0, -1, 1, 2 )==tBA14c,
( 4, 1,  0, 0,  0, 1, 1 )==tAA14,
( 4, 1,  0, 0,  0, 1, 2 )==tBA14,
( 4, 1,  0, 0,  0, 2, 1 )==tAB14,
( 4, 1,  0, 0,  0, 2, 2 )==tBB14,
( 4, 1,  0, 0,  1, 1, 1 )==tAA14,
( 4, 1,  0, 0,  1, 1, 2 )==tAB14,
( 4, 1,  0, 0,  1, 2, 1 )==tBA14,
( 4, 1,  0, 0,  1, 2, 2 )==tBB14,
( 4, 1,  0, 0,  2, 1, 1 )==tAA14c,
( 4, 1,  0, 0,  2, 2, 1 )==tBA14c,
( 4, 1,  1, 0,  0, 1, 1 )==tAA14i,
( 4, 1,  1, 0,  0, 1, 2 )==tBA14i,
( 4, 1,  1, 0,  0, 2, 1 )==tAB14i,
( 4, 1,  1, 0,  0, 2, 2 )==tBB14i,
( 4, 1,  1, 0,  1, 1, 1 )==tAA14i,
( 4, 1,  1, 0,  1, 1, 2 )==tAB14i,
( 4, 1,  1, 0,  1, 2, 1 )==tBA14i,
( 4, 1,  1, 0,  1, 2, 2 )==tBB14i,
( 4, 1,  2, 0,  0, 1, 1 )==tAA14ii,
( 4, 1,  2, 0,  0, 1, 2 )==tBA14ii,
( 4, 1,  2, 0,  0, 2, 1 )==tAB14ii,
( 4, 1,  2, 0,  0, 2, 2 )==tBB14ii,
( 4, 1,  2, 0,  1, 1, 1 )==tAA14ii,
( 4, 1,  2, 0,  1, 1, 2 )==tAB14ii,
( 4, 1,  2, 0,  1, 2, 1 )==tBA14ii,
( 4, 1,  2, 0,  1, 2, 2 )==tBB14ii,
( 4, 2, -1, 0, -1, 1, 1 )==tAA13akk,
( 4, 2, -1, 0,  0, 1, 1 )==tAA13ak,
( 4, 2, -1, 0,  0, 2, 2 )==tBB13ak,
( 4, 2, -1, 0,  1, 1, 1 )==tAA13a,
( 4, 2, -1, 0,  1, 1, 2 )==tAB13a,
( 4, 2, -1, 0,  1, 2, 1 )==tAB13a,
( 4, 2,  0, 0,  0, 1, 1 )==tAA13k,
( 4, 2,  0, 0,  0, 1, 2 )==tAB13k,
( 4, 2,  0, 0,  0, 2, 1 )==tAB13k,
( 4, 2,  0, 0,  0, 2, 2 )==tBB13k,
( 4, 2,  0, 0,  1, 1, 1 )==tAA13,
( 4, 2,  0, 0,  1, 1, 2 )==tAB13,
( 4, 2,  0, 0,  1, 2, 1 )==tAB13,
( 4, 2,  0, 0,  1, 2, 2 )==tBB13,
( 4, 2,  0, 0,  2, 1, 2 )==tAB13c,
( 4, 2,  0, 0,  2, 2, 1 )==tAB13c,
( 4, 2,  1, 0, -1, 1, 1 )==tAA13ikk,
( 4, 2,  1, 0,  0, 1, 1 )==tAA13ik,
( 4, 2,  1, 0,  0, 1, 2 )==tAB13ik,
( 4, 2,  1, 0,  0, 2, 1 )==tAB13ik,
( 4, 2,  1, 0,  0, 2, 2 )==tBB13ik,
( 4, 2,  1, 0,  1, 1, 1 )==tAA13i,
( 4, 2,  1, 0,  1, 1, 2 )==tAB13i,
( 4, 2,  1, 0,  1, 2, 1 )==tAB13i,
( 4, 2,  1, 0,  1, 2, 2 )==tBB13i,
( 4, 3, -1, 0,  0, 1, 1 )==tAA12a,
( 4, 3, -1, 0,  0, 1, 2 )==tAB12a,
( 4, 3, -1, 0,  0, 2, 1 )==tBA12a,
( 4, 3, -1, 0,  0, 2, 2 )==tBB12a,
( 4, 3, -1, 0,  1, 1, 1 )==tAA12ac,
( 4, 3,  0, 0, -1, 2, 1 )==tBA12k,
( 4, 3,  0, 0, -1, 2, 2 )==tBB12k,
( 4, 3,  0, 0,  0, 1, 1 )==tAA12,
( 4, 3,  0, 0,  0, 1, 2 )==tAB12,
( 4, 3,  0, 0,  0, 2, 1 )==tBA12,
( 4, 3,  0, 0,  0, 2, 2 )==tBB12,
( 4, 3,  0, 0,  1, 1, 1 )==tAA12c,
( 4, 3,  0, 0,  1, 2, 1 )==tBA12c,
( 4, 3,  0, 0,  1, 2, 2 )==tBB12c,
( 4, 3,  1, 0, -1, 1, 2 )==tBA12k,
( 4, 3,  1, 0, -1, 2, 2 )==tBB12k,
( 4, 3,  1, 0,  0, 1, 1 )==tAA12,
( 4, 3,  1, 0,  0, 1, 2 )==tBA12,
( 4, 3,  1, 0,  0, 2, 1 )==tAB12,
( 4, 3,  1, 0,  0, 2, 2 )==tBB12,
( 4, 3,  1, 0,  1, 1, 1 )==tAA12c,
( 4, 3,  1, 0,  1, 1, 2 )==tBA12c,
( 4, 3,  1, 0,  1, 2, 2 )==tBB12c,
( 4, 3,  2, 0,  0, 1, 1 )==tAA12a,
( 4, 3,  2, 0,  0, 1, 2 )==tBA12a,
( 4, 3,  2, 0,  0, 2, 1 )==tAB12a,
( 4, 3,  2, 0,  0, 2, 2 )==tBB12a,
( 4, 3,  2, 0,  1, 1, 1 )==tAA12ac,
( 4, 4, -1, 0, -1, 1, 2 )==tBA11ic,
( 4, 4, -1, 0, -1, 2, 1 )==tAB11ic,
( 4, 4, -1, 0,  0, 1, 1 )==tAA11a,
( 4, 4, -1, 0,  0, 1, 2 )==tAB11a,
( 4, 4, -1, 0,  0, 2, 1 )==tBA11a,
( 4, 4, -1, 0,  0, 2, 2 )==tBB11a,
( 4, 4, -1, 0,  1, 1, 1 )==tAA11ac,
( 4, 4,  0, 0, -1, 1, 2 )==tBA11c,
( 4, 4,  0, 0,  0, 1, 1 )==eA1,
( 4, 4,  0, 0,  0, 1, 2 )==eAB1,
( 4, 4,  0, 0,  0, 2, 1 )==eAB1,
( 4, 4,  0, 0,  0, 2, 2 )==eB1,
( 4, 4,  0, 0,  1, 2, 1 )==tBA11c,
( 4, 4,  1, 0, -1, 1, 1 )==tAA11ac,
( 4, 4,  1, 0,  0, 1, 1 )==tAA11a,
( 4, 4,  1, 0,  0, 1, 2 )==tBA11a,
( 4, 4,  1, 0,  0, 2, 1 )==tAB11a,
( 4, 4,  1, 0,  0, 2, 2 )==tBB11a,
( 4, 4,  1, 0,  1, 1, 2 )==tAB11ic,
( 4, 4,  1, 0,  1, 2, 1 )==tBA11ic,
NULL]
