# Effective 2-orbital Hamiltonian for pistack-BAaac
SG=c211xz
orbs=[[1,2,3,4]]
M=Matrix(3,3,[
a,0,0,
0,b,0,
0,0,c])
P=Matrix(3,4,[
x,x+1/2,x,x+1/2,
y,-y,-y,y,
z,-z-1/2,-z,z+1/2])
geoparams=[
"pistack-BAaac_PBE-D3paw900"==[ a=7.797922, b=20, c=7.913464, x=-0.079062, y=0.185220, z=-0.346245],
NULL]
params=[
 # dimer+NN approximation
"pistack-BAaac_PBE-D3paw900_CAM-B3LYPp2p_h"==[ E0=-7.500331, eAB1=-0.020455, eB1=-0.446602, tAA12=-1.020896, tAB12=0.269744, tBA12=0.286060, tBB12=-0.137466, tAA14i=0.015936, tAB14i=-0.001866, tBA14i=-0.037921, tBB14i=0.019243, tAA14=0.029833, tAB14=0.016162, tBA14=0.043859, tBB14=-0.046166, tAA11a=0.069616, tAB11a=-0.012388, tBA11a=0.011490, tBB11a=-0.002666, tAA13k=-0.266096, tAB13k=0.086989, tBB13k=0.067948, tAA13=-0.042069, tBB13=-0.174915, tAA13ak=0.002772, tAB13ak=0.007147, tBA13ak=-0.008277, tBB13ak=-0.001315, tAA11c=0.012172, tAB11c=-0.009000, tBA11c=-0.004871, tBB11c=-0.024927, tAA14a=0.012510, tBA14a=0.009001, tBB14a=-0.004874, tAA14ak=0.016235, tAB14ak=-0.007498, tBA14ak=-0.004235, tBB14ak=0.001657, tAA13a=0.042382, tAB13a=-0.015415, tBA13a=-0.003798, tBB13a=0.002604, tAA12a=-0.039875, tAB12a=0.011901, tBA12a=0.016387, tBB12a=-0.006487, tAA12k=0.002652, tAB12k=-0.001518, tBA12k=0.006035, tAA11ic=0.008692, tAA12c=0.013442, tAB12c=0.005395, tBA12c=-0.011011, tAA12ak=0.003778, tAB12ak=-0.001806, tBA12ak=0.003153, tAA14ic=0.001913, tBA14ic=-0.002120, tBB14ic=0.001084, tAA13kk=0.005263, tAB13kk=-0.001961, tBB13kk=-0.002113, tBA12ac=-0.004529, tAA13akk=0.003433, tAB13akk=-0.002009, tAA13c=-0.003583, tBB13c=-0.003308, tAA14ac=-0.007592, tAB14ac=0.002597, tBA14ac=-0.002680, tBB14ac=0.001244, tAA13ac=-0.008965, tAB13ac=0.002512, tBA13ac=-0.002139, tBB13ac=0.001071],
NULL]
H=[
( 1, 1, -1, 0,  0, 1, 1 )==tAA11a,
( 1, 1, -1, 0,  0, 1, 2 )==tBA11a,
( 1, 1, -1, 0,  0, 2, 1 )==tAB11a,
( 1, 1, -1, 0,  0, 2, 2 )==tBB11a,
( 1, 1, -1, 0,  1, 1, 1 )==tAA11ic,
( 1, 1,  0, 0, -1, 1, 1 )==tAA11c,
( 1, 1,  0, 0, -1, 1, 2 )==tBA11c,
( 1, 1,  0, 0, -1, 2, 1 )==tAB11c,
( 1, 1,  0, 0, -1, 2, 2 )==tBB11c,
( 1, 1,  0, 0,  0, 1, 1 )==eA1,
( 1, 1,  0, 0,  0, 1, 2 )==eAB1,
( 1, 1,  0, 0,  0, 2, 1 )==eAB1,
( 1, 1,  0, 0,  0, 2, 2 )==eB1,
( 1, 1,  0, 0,  1, 1, 1 )==tAA11c,
( 1, 1,  0, 0,  1, 1, 2 )==tAB11c,
( 1, 1,  0, 0,  1, 2, 1 )==tBA11c,
( 1, 1,  0, 0,  1, 2, 2 )==tBB11c,
( 1, 1,  1, 0, -1, 1, 1 )==tAA11ic,
( 1, 1,  1, 0,  0, 1, 1 )==tAA11a,
( 1, 1,  1, 0,  0, 1, 2 )==tAB11a,
( 1, 1,  1, 0,  0, 2, 1 )==tBA11a,
( 1, 1,  1, 0,  0, 2, 2 )==tBB11a,
( 1, 2, -2, 0, -1, 1, 1 )==tAA12ak,
( 1, 2, -2, 0, -1, 1, 2 )==tBA12ak,
( 1, 2, -2, 0, -1, 2, 1 )==tAB12ak,
( 1, 2, -2, 0,  0, 1, 1 )==tAA12a,
( 1, 2, -2, 0,  0, 1, 2 )==tBA12a,
( 1, 2, -2, 0,  0, 2, 1 )==tAB12a,
( 1, 2, -2, 0,  0, 2, 2 )==tBB12a,
( 1, 2, -2, 0,  1, 1, 2 )==tBA12ac,
( 1, 2, -1, 0, -1, 1, 1 )==tAA12k,
( 1, 2, -1, 0, -1, 1, 2 )==tBA12k,
( 1, 2, -1, 0, -1, 2, 1 )==tAB12k,
( 1, 2, -1, 0,  0, 1, 1 )==tAA12,
( 1, 2, -1, 0,  0, 1, 2 )==tBA12,
( 1, 2, -1, 0,  0, 2, 1 )==tAB12,
( 1, 2, -1, 0,  0, 2, 2 )==tBB12,
( 1, 2, -1, 0,  1, 1, 1 )==tAA12c,
( 1, 2, -1, 0,  1, 1, 2 )==tBA12c,
( 1, 2, -1, 0,  1, 2, 1 )==tAB12c,
( 1, 2,  0, 0, -1, 1, 1 )==tAA12k,
( 1, 2,  0, 0, -1, 1, 2 )==tAB12k,
( 1, 2,  0, 0, -1, 2, 1 )==tBA12k,
( 1, 2,  0, 0,  0, 1, 1 )==tAA12,
( 1, 2,  0, 0,  0, 1, 2 )==tAB12,
( 1, 2,  0, 0,  0, 2, 1 )==tBA12,
( 1, 2,  0, 0,  0, 2, 2 )==tBB12,
( 1, 2,  0, 0,  1, 1, 1 )==tAA12c,
( 1, 2,  0, 0,  1, 1, 2 )==tAB12c,
( 1, 2,  0, 0,  1, 2, 1 )==tBA12c,
( 1, 2,  1, 0, -1, 1, 1 )==tAA12ak,
( 1, 2,  1, 0, -1, 1, 2 )==tAB12ak,
( 1, 2,  1, 0, -1, 2, 1 )==tBA12ak,
( 1, 2,  1, 0,  0, 1, 1 )==tAA12a,
( 1, 2,  1, 0,  0, 1, 2 )==tAB12a,
( 1, 2,  1, 0,  0, 2, 1 )==tBA12a,
( 1, 2,  1, 0,  0, 2, 2 )==tBB12a,
( 1, 2,  1, 0,  1, 2, 1 )==tBA12ac,
( 1, 3, -1, 0, -2, 1, 1 )==tAA13akk,
( 1, 3, -1, 0, -2, 2, 1 )==tAB13akk,
( 1, 3, -1, 0, -1, 1, 1 )==tAA13ak,
( 1, 3, -1, 0, -1, 1, 2 )==tBA13ak,
( 1, 3, -1, 0, -1, 2, 1 )==tAB13ak,
( 1, 3, -1, 0, -1, 2, 2 )==tBB13ak,
( 1, 3, -1, 0,  0, 1, 1 )==tAA13a,
( 1, 3, -1, 0,  0, 1, 2 )==tBA13a,
( 1, 3, -1, 0,  0, 2, 1 )==tAB13a,
( 1, 3, -1, 0,  0, 2, 2 )==tBB13a,
( 1, 3, -1, 0,  1, 1, 1 )==tAA13ac,
( 1, 3, -1, 0,  1, 1, 2 )==tBA13ac,
( 1, 3, -1, 0,  1, 2, 1 )==tAB13ac,
( 1, 3, -1, 0,  1, 2, 2 )==tBB13ac,
( 1, 3,  0, 0, -2, 1, 1 )==tAA13kk,
( 1, 3,  0, 0, -2, 1, 2 )==tAB13kk,
( 1, 3,  0, 0, -2, 2, 1 )==tAB13kk,
( 1, 3,  0, 0, -2, 2, 2 )==tBB13kk,
( 1, 3,  0, 0, -1, 1, 1 )==tAA13k,
( 1, 3,  0, 0, -1, 1, 2 )==tAB13k,
( 1, 3,  0, 0, -1, 2, 1 )==tAB13k,
( 1, 3,  0, 0, -1, 2, 2 )==tBB13k,
( 1, 3,  0, 0,  0, 1, 1 )==tAA13,
( 1, 3,  0, 0,  0, 1, 2 )==tAB13,
( 1, 3,  0, 0,  0, 2, 1 )==tAB13,
( 1, 3,  0, 0,  0, 2, 2 )==tBB13,
( 1, 3,  0, 0,  1, 1, 1 )==tAA13c,
( 1, 3,  0, 0,  1, 2, 2 )==tBB13c,
( 1, 3,  1, 0, -2, 1, 1 )==tAA13akk,
( 1, 3,  1, 0, -2, 1, 2 )==tAB13akk,
( 1, 3,  1, 0, -1, 1, 1 )==tAA13ak,
( 1, 3,  1, 0, -1, 1, 2 )==tAB13ak,
( 1, 3,  1, 0, -1, 2, 1 )==tBA13ak,
( 1, 3,  1, 0, -1, 2, 2 )==tBB13ak,
( 1, 3,  1, 0,  0, 1, 1 )==tAA13a,
( 1, 3,  1, 0,  0, 1, 2 )==tAB13a,
( 1, 3,  1, 0,  0, 2, 1 )==tBA13a,
( 1, 3,  1, 0,  0, 2, 2 )==tBB13a,
( 1, 3,  1, 0,  1, 1, 1 )==tAA13ac,
( 1, 3,  1, 0,  1, 1, 2 )==tAB13ac,
( 1, 3,  1, 0,  1, 2, 1 )==tBA13ac,
( 1, 3,  1, 0,  1, 2, 2 )==tBB13ac,
( 1, 4, -2, 0, -2, 1, 1 )==tAA14ac,
( 1, 4, -2, 0, -2, 1, 2 )==tBA14ac,
( 1, 4, -2, 0, -2, 2, 1 )==tAB14ac,
( 1, 4, -2, 0, -2, 2, 2 )==tBB14ac,
( 1, 4, -2, 0, -1, 1, 1 )==tAA14a,
( 1, 4, -2, 0, -1, 1, 2 )==tBA14a,
( 1, 4, -2, 0, -1, 2, 2 )==tBB14a,
( 1, 4, -2, 0,  0, 1, 1 )==tAA14ak,
( 1, 4, -2, 0,  0, 1, 2 )==tBA14ak,
( 1, 4, -2, 0,  0, 2, 1 )==tAB14ak,
( 1, 4, -2, 0,  0, 2, 2 )==tBB14ak,
( 1, 4, -1, 0, -1, 1, 1 )==tAA14,
( 1, 4, -1, 0, -1, 1, 2 )==tBA14,
( 1, 4, -1, 0, -1, 2, 1 )==tAB14,
( 1, 4, -1, 0, -1, 2, 2 )==tBB14,
( 1, 4, -1, 0,  0, 1, 1 )==tAA14i,
( 1, 4, -1, 0,  0, 1, 2 )==tAB14i,
( 1, 4, -1, 0,  0, 2, 1 )==tBA14i,
( 1, 4, -1, 0,  0, 2, 2 )==tBB14i,
( 1, 4, -1, 0,  1, 1, 1 )==tAA14ic,
( 1, 4, -1, 0,  1, 2, 1 )==tBA14ic,
( 1, 4, -1, 0,  1, 2, 2 )==tBB14ic,
( 1, 4,  0, 0, -2, 1, 1 )==tAA14ic,
( 1, 4,  0, 0, -2, 1, 2 )==tBA14ic,
( 1, 4,  0, 0, -2, 2, 2 )==tBB14ic,
( 1, 4,  0, 0, -1, 1, 1 )==tAA14i,
( 1, 4,  0, 0, -1, 1, 2 )==tBA14i,
( 1, 4,  0, 0, -1, 2, 1 )==tAB14i,
( 1, 4,  0, 0, -1, 2, 2 )==tBB14i,
( 1, 4,  0, 0,  0, 1, 1 )==tAA14,
( 1, 4,  0, 0,  0, 1, 2 )==tAB14,
( 1, 4,  0, 0,  0, 2, 1 )==tBA14,
( 1, 4,  0, 0,  0, 2, 2 )==tBB14,
( 1, 4,  1, 0, -1, 1, 1 )==tAA14ak,
( 1, 4,  1, 0, -1, 1, 2 )==tAB14ak,
( 1, 4,  1, 0, -1, 2, 1 )==tBA14ak,
( 1, 4,  1, 0, -1, 2, 2 )==tBB14ak,
( 1, 4,  1, 0,  0, 1, 1 )==tAA14a,
( 1, 4,  1, 0,  0, 2, 1 )==tBA14a,
( 1, 4,  1, 0,  0, 2, 2 )==tBB14a,
( 1, 4,  1, 0,  1, 1, 1 )==tAA14ac,
( 1, 4,  1, 0,  1, 1, 2 )==tAB14ac,
( 1, 4,  1, 0,  1, 2, 1 )==tBA14ac,
( 1, 4,  1, 0,  1, 2, 2 )==tBB14ac,
( 2, 1, -1, 0, -1, 1, 2 )==tBA12ac,
( 2, 1, -1, 0,  0, 1, 1 )==tAA12a,
( 2, 1, -1, 0,  0, 1, 2 )==tBA12a,
( 2, 1, -1, 0,  0, 2, 1 )==tAB12a,
( 2, 1, -1, 0,  0, 2, 2 )==tBB12a,
( 2, 1, -1, 0,  1, 1, 1 )==tAA12ak,
( 2, 1, -1, 0,  1, 1, 2 )==tBA12ak,
( 2, 1, -1, 0,  1, 2, 1 )==tAB12ak,
( 2, 1,  0, 0, -1, 1, 1 )==tAA12c,
( 2, 1,  0, 0, -1, 1, 2 )==tBA12c,
( 2, 1,  0, 0, -1, 2, 1 )==tAB12c,
( 2, 1,  0, 0,  0, 1, 1 )==tAA12,
( 2, 1,  0, 0,  0, 1, 2 )==tBA12,
( 2, 1,  0, 0,  0, 2, 1 )==tAB12,
( 2, 1,  0, 0,  0, 2, 2 )==tBB12,
( 2, 1,  0, 0,  1, 1, 1 )==tAA12k,
( 2, 1,  0, 0,  1, 1, 2 )==tBA12k,
( 2, 1,  0, 0,  1, 2, 1 )==tAB12k,
( 2, 1,  1, 0, -1, 1, 1 )==tAA12c,
( 2, 1,  1, 0, -1, 1, 2 )==tAB12c,
( 2, 1,  1, 0, -1, 2, 1 )==tBA12c,
( 2, 1,  1, 0,  0, 1, 1 )==tAA12,
( 2, 1,  1, 0,  0, 1, 2 )==tAB12,
( 2, 1,  1, 0,  0, 2, 1 )==tBA12,
( 2, 1,  1, 0,  0, 2, 2 )==tBB12,
( 2, 1,  1, 0,  1, 1, 1 )==tAA12k,
( 2, 1,  1, 0,  1, 1, 2 )==tAB12k,
( 2, 1,  1, 0,  1, 2, 1 )==tBA12k,
( 2, 1,  2, 0, -1, 2, 1 )==tBA12ac,
( 2, 1,  2, 0,  0, 1, 1 )==tAA12a,
( 2, 1,  2, 0,  0, 1, 2 )==tAB12a,
( 2, 1,  2, 0,  0, 2, 1 )==tBA12a,
( 2, 1,  2, 0,  0, 2, 2 )==tBB12a,
( 2, 1,  2, 0,  1, 1, 1 )==tAA12ak,
( 2, 1,  2, 0,  1, 1, 2 )==tAB12ak,
( 2, 1,  2, 0,  1, 2, 1 )==tBA12ak,
( 2, 2, -1, 0, -1, 1, 1 )==tAA11ic,
( 2, 2, -1, 0,  0, 1, 1 )==tAA11a,
( 2, 2, -1, 0,  0, 1, 2 )==tBA11a,
( 2, 2, -1, 0,  0, 2, 1 )==tAB11a,
( 2, 2, -1, 0,  0, 2, 2 )==tBB11a,
( 2, 2,  0, 0, -1, 1, 1 )==tAA11c,
( 2, 2,  0, 0, -1, 1, 2 )==tAB11c,
( 2, 2,  0, 0, -1, 2, 1 )==tBA11c,
( 2, 2,  0, 0, -1, 2, 2 )==tBB11c,
( 2, 2,  0, 0,  0, 1, 1 )==eA1,
( 2, 2,  0, 0,  0, 1, 2 )==eAB1,
( 2, 2,  0, 0,  0, 2, 1 )==eAB1,
( 2, 2,  0, 0,  0, 2, 2 )==eB1,
( 2, 2,  0, 0,  1, 1, 1 )==tAA11c,
( 2, 2,  0, 0,  1, 1, 2 )==tBA11c,
( 2, 2,  0, 0,  1, 2, 1 )==tAB11c,
( 2, 2,  0, 0,  1, 2, 2 )==tBB11c,
( 2, 2,  1, 0,  0, 1, 1 )==tAA11a,
( 2, 2,  1, 0,  0, 1, 2 )==tAB11a,
( 2, 2,  1, 0,  0, 2, 1 )==tBA11a,
( 2, 2,  1, 0,  0, 2, 2 )==tBB11a,
( 2, 2,  1, 0,  1, 1, 1 )==tAA11ic,
( 2, 3, -1, 0, -1, 1, 1 )==tAA14ak,
( 2, 3, -1, 0, -1, 1, 2 )==tBA14ak,
( 2, 3, -1, 0, -1, 2, 1 )==tAB14ak,
( 2, 3, -1, 0, -1, 2, 2 )==tBB14ak,
( 2, 3, -1, 0,  0, 1, 1 )==tAA14a,
( 2, 3, -1, 0,  0, 1, 2 )==tBA14a,
( 2, 3, -1, 0,  0, 2, 2 )==tBB14a,
( 2, 3, -1, 0,  1, 1, 1 )==tAA14ac,
( 2, 3, -1, 0,  1, 1, 2 )==tBA14ac,
( 2, 3, -1, 0,  1, 2, 1 )==tAB14ac,
( 2, 3, -1, 0,  1, 2, 2 )==tBB14ac,
( 2, 3,  0, 0, -2, 1, 1 )==tAA14ic,
( 2, 3,  0, 0, -2, 2, 1 )==tBA14ic,
( 2, 3,  0, 0, -2, 2, 2 )==tBB14ic,
( 2, 3,  0, 0, -1, 1, 1 )==tAA14i,
( 2, 3,  0, 0, -1, 1, 2 )==tAB14i,
( 2, 3,  0, 0, -1, 2, 1 )==tBA14i,
( 2, 3,  0, 0, -1, 2, 2 )==tBB14i,
( 2, 3,  0, 0,  0, 1, 1 )==tAA14,
( 2, 3,  0, 0,  0, 1, 2 )==tBA14,
( 2, 3,  0, 0,  0, 2, 1 )==tAB14,
( 2, 3,  0, 0,  0, 2, 2 )==tBB14,
( 2, 3,  1, 0, -1, 1, 1 )==tAA14,
( 2, 3,  1, 0, -1, 1, 2 )==tAB14,
( 2, 3,  1, 0, -1, 2, 1 )==tBA14,
( 2, 3,  1, 0, -1, 2, 2 )==tBB14,
( 2, 3,  1, 0,  0, 1, 1 )==tAA14i,
( 2, 3,  1, 0,  0, 1, 2 )==tBA14i,
( 2, 3,  1, 0,  0, 2, 1 )==tAB14i,
( 2, 3,  1, 0,  0, 2, 2 )==tBB14i,
( 2, 3,  1, 0,  1, 1, 1 )==tAA14ic,
( 2, 3,  1, 0,  1, 1, 2 )==tBA14ic,
( 2, 3,  1, 0,  1, 2, 2 )==tBB14ic,
( 2, 3,  2, 0, -2, 1, 1 )==tAA14ac,
( 2, 3,  2, 0, -2, 1, 2 )==tAB14ac,
( 2, 3,  2, 0, -2, 2, 1 )==tBA14ac,
( 2, 3,  2, 0, -2, 2, 2 )==tBB14ac,
( 2, 3,  2, 0, -1, 1, 1 )==tAA14a,
( 2, 3,  2, 0, -1, 2, 1 )==tBA14a,
( 2, 3,  2, 0, -1, 2, 2 )==tBB14a,
( 2, 3,  2, 0,  0, 1, 1 )==tAA14ak,
( 2, 3,  2, 0,  0, 1, 2 )==tAB14ak,
( 2, 3,  2, 0,  0, 2, 1 )==tBA14ak,
( 2, 3,  2, 0,  0, 2, 2 )==tBB14ak,
( 2, 4, -1, 0, -2, 1, 1 )==tAA13ac,
( 2, 4, -1, 0, -2, 1, 2 )==tBA13ac,
( 2, 4, -1, 0, -2, 2, 1 )==tAB13ac,
( 2, 4, -1, 0, -2, 2, 2 )==tBB13ac,
( 2, 4, -1, 0, -1, 1, 1 )==tAA13a,
( 2, 4, -1, 0, -1, 1, 2 )==tBA13a,
( 2, 4, -1, 0, -1, 2, 1 )==tAB13a,
( 2, 4, -1, 0, -1, 2, 2 )==tBB13a,
( 2, 4, -1, 0,  0, 1, 1 )==tAA13ak,
( 2, 4, -1, 0,  0, 1, 2 )==tBA13ak,
( 2, 4, -1, 0,  0, 2, 1 )==tAB13ak,
( 2, 4, -1, 0,  0, 2, 2 )==tBB13ak,
( 2, 4, -1, 0,  1, 1, 1 )==tAA13akk,
( 2, 4, -1, 0,  1, 2, 1 )==tAB13akk,
( 2, 4,  0, 0, -2, 1, 1 )==tAA13c,
( 2, 4,  0, 0, -2, 2, 2 )==tBB13c,
( 2, 4,  0, 0, -1, 1, 1 )==tAA13,
( 2, 4,  0, 0, -1, 1, 2 )==tAB13,
( 2, 4,  0, 0, -1, 2, 1 )==tAB13,
( 2, 4,  0, 0, -1, 2, 2 )==tBB13,
( 2, 4,  0, 0,  0, 1, 1 )==tAA13k,
( 2, 4,  0, 0,  0, 1, 2 )==tAB13k,
( 2, 4,  0, 0,  0, 2, 1 )==tAB13k,
( 2, 4,  0, 0,  0, 2, 2 )==tBB13k,
( 2, 4,  0, 0,  1, 1, 1 )==tAA13kk,
( 2, 4,  0, 0,  1, 1, 2 )==tAB13kk,
( 2, 4,  0, 0,  1, 2, 1 )==tAB13kk,
( 2, 4,  0, 0,  1, 2, 2 )==tBB13kk,
( 2, 4,  1, 0, -2, 1, 1 )==tAA13ac,
( 2, 4,  1, 0, -2, 1, 2 )==tAB13ac,
( 2, 4,  1, 0, -2, 2, 1 )==tBA13ac,
( 2, 4,  1, 0, -2, 2, 2 )==tBB13ac,
( 2, 4,  1, 0, -1, 1, 1 )==tAA13a,
( 2, 4,  1, 0, -1, 1, 2 )==tAB13a,
( 2, 4,  1, 0, -1, 2, 1 )==tBA13a,
( 2, 4,  1, 0, -1, 2, 2 )==tBB13a,
( 2, 4,  1, 0,  0, 1, 1 )==tAA13ak,
( 2, 4,  1, 0,  0, 1, 2 )==tAB13ak,
( 2, 4,  1, 0,  0, 2, 1 )==tBA13ak,
( 2, 4,  1, 0,  0, 2, 2 )==tBB13ak,
( 2, 4,  1, 0,  1, 1, 1 )==tAA13akk,
( 2, 4,  1, 0,  1, 1, 2 )==tAB13akk,
( 3, 1, -1, 0, -1, 1, 1 )==tAA13ac,
( 3, 1, -1, 0, -1, 1, 2 )==tBA13ac,
( 3, 1, -1, 0, -1, 2, 1 )==tAB13ac,
( 3, 1, -1, 0, -1, 2, 2 )==tBB13ac,
( 3, 1, -1, 0,  0, 1, 1 )==tAA13a,
( 3, 1, -1, 0,  0, 1, 2 )==tBA13a,
( 3, 1, -1, 0,  0, 2, 1 )==tAB13a,
( 3, 1, -1, 0,  0, 2, 2 )==tBB13a,
( 3, 1, -1, 0,  1, 1, 1 )==tAA13ak,
( 3, 1, -1, 0,  1, 1, 2 )==tBA13ak,
( 3, 1, -1, 0,  1, 2, 1 )==tAB13ak,
( 3, 1, -1, 0,  1, 2, 2 )==tBB13ak,
( 3, 1, -1, 0,  2, 1, 1 )==tAA13akk,
( 3, 1, -1, 0,  2, 2, 1 )==tAB13akk,
( 3, 1,  0, 0, -1, 1, 1 )==tAA13c,
( 3, 1,  0, 0, -1, 2, 2 )==tBB13c,
( 3, 1,  0, 0,  0, 1, 1 )==tAA13,
( 3, 1,  0, 0,  0, 1, 2 )==tAB13,
( 3, 1,  0, 0,  0, 2, 1 )==tAB13,
( 3, 1,  0, 0,  0, 2, 2 )==tBB13,
( 3, 1,  0, 0,  1, 1, 1 )==tAA13k,
( 3, 1,  0, 0,  1, 1, 2 )==tAB13k,
( 3, 1,  0, 0,  1, 2, 1 )==tAB13k,
( 3, 1,  0, 0,  1, 2, 2 )==tBB13k,
( 3, 1,  0, 0,  2, 1, 1 )==tAA13kk,
( 3, 1,  0, 0,  2, 1, 2 )==tAB13kk,
( 3, 1,  0, 0,  2, 2, 1 )==tAB13kk,
( 3, 1,  0, 0,  2, 2, 2 )==tBB13kk,
( 3, 1,  1, 0, -1, 1, 1 )==tAA13ac,
( 3, 1,  1, 0, -1, 1, 2 )==tAB13ac,
( 3, 1,  1, 0, -1, 2, 1 )==tBA13ac,
( 3, 1,  1, 0, -1, 2, 2 )==tBB13ac,
( 3, 1,  1, 0,  0, 1, 1 )==tAA13a,
( 3, 1,  1, 0,  0, 1, 2 )==tAB13a,
( 3, 1,  1, 0,  0, 2, 1 )==tBA13a,
( 3, 1,  1, 0,  0, 2, 2 )==tBB13a,
( 3, 1,  1, 0,  1, 1, 1 )==tAA13ak,
( 3, 1,  1, 0,  1, 1, 2 )==tAB13ak,
( 3, 1,  1, 0,  1, 2, 1 )==tBA13ak,
( 3, 1,  1, 0,  1, 2, 2 )==tBB13ak,
( 3, 1,  1, 0,  2, 1, 1 )==tAA13akk,
( 3, 1,  1, 0,  2, 1, 2 )==tAB13akk,
( 3, 2, -2, 0,  0, 1, 1 )==tAA14ak,
( 3, 2, -2, 0,  0, 1, 2 )==tBA14ak,
( 3, 2, -2, 0,  0, 2, 1 )==tAB14ak,
( 3, 2, -2, 0,  0, 2, 2 )==tBB14ak,
( 3, 2, -2, 0,  1, 1, 1 )==tAA14a,
( 3, 2, -2, 0,  1, 1, 2 )==tBA14a,
( 3, 2, -2, 0,  1, 2, 2 )==tBB14a,
( 3, 2, -2, 0,  2, 1, 1 )==tAA14ac,
( 3, 2, -2, 0,  2, 1, 2 )==tBA14ac,
( 3, 2, -2, 0,  2, 2, 1 )==tAB14ac,
( 3, 2, -2, 0,  2, 2, 2 )==tBB14ac,
( 3, 2, -1, 0, -1, 1, 1 )==tAA14ic,
( 3, 2, -1, 0, -1, 2, 1 )==tBA14ic,
( 3, 2, -1, 0, -1, 2, 2 )==tBB14ic,
( 3, 2, -1, 0,  0, 1, 1 )==tAA14i,
( 3, 2, -1, 0,  0, 1, 2 )==tAB14i,
( 3, 2, -1, 0,  0, 2, 1 )==tBA14i,
( 3, 2, -1, 0,  0, 2, 2 )==tBB14i,
( 3, 2, -1, 0,  1, 1, 1 )==tAA14,
( 3, 2, -1, 0,  1, 1, 2 )==tBA14,
( 3, 2, -1, 0,  1, 2, 1 )==tAB14,
( 3, 2, -1, 0,  1, 2, 2 )==tBB14,
( 3, 2,  0, 0,  0, 1, 1 )==tAA14,
( 3, 2,  0, 0,  0, 1, 2 )==tAB14,
( 3, 2,  0, 0,  0, 2, 1 )==tBA14,
( 3, 2,  0, 0,  0, 2, 2 )==tBB14,
( 3, 2,  0, 0,  1, 1, 1 )==tAA14i,
( 3, 2,  0, 0,  1, 1, 2 )==tBA14i,
( 3, 2,  0, 0,  1, 2, 1 )==tAB14i,
( 3, 2,  0, 0,  1, 2, 2 )==tBB14i,
( 3, 2,  0, 0,  2, 1, 1 )==tAA14ic,
( 3, 2,  0, 0,  2, 1, 2 )==tBA14ic,
( 3, 2,  0, 0,  2, 2, 2 )==tBB14ic,
( 3, 2,  1, 0, -1, 1, 1 )==tAA14ac,
( 3, 2,  1, 0, -1, 1, 2 )==tAB14ac,
( 3, 2,  1, 0, -1, 2, 1 )==tBA14ac,
( 3, 2,  1, 0, -1, 2, 2 )==tBB14ac,
( 3, 2,  1, 0,  0, 1, 1 )==tAA14a,
( 3, 2,  1, 0,  0, 2, 1 )==tBA14a,
( 3, 2,  1, 0,  0, 2, 2 )==tBB14a,
( 3, 2,  1, 0,  1, 1, 1 )==tAA14ak,
( 3, 2,  1, 0,  1, 1, 2 )==tAB14ak,
( 3, 2,  1, 0,  1, 2, 1 )==tBA14ak,
( 3, 2,  1, 0,  1, 2, 2 )==tBB14ak,
( 3, 3, -1, 0, -1, 1, 1 )==tAA11ic,
( 3, 3, -1, 0,  0, 1, 1 )==tAA11a,
( 3, 3, -1, 0,  0, 1, 2 )==tBA11a,
( 3, 3, -1, 0,  0, 2, 1 )==tAB11a,
( 3, 3, -1, 0,  0, 2, 2 )==tBB11a,
( 3, 3,  0, 0, -1, 1, 1 )==tAA11c,
( 3, 3,  0, 0, -1, 1, 2 )==tAB11c,
( 3, 3,  0, 0, -1, 2, 1 )==tBA11c,
( 3, 3,  0, 0, -1, 2, 2 )==tBB11c,
( 3, 3,  0, 0,  0, 1, 1 )==eA1,
( 3, 3,  0, 0,  0, 1, 2 )==eAB1,
( 3, 3,  0, 0,  0, 2, 1 )==eAB1,
( 3, 3,  0, 0,  0, 2, 2 )==eB1,
( 3, 3,  0, 0,  1, 1, 1 )==tAA11c,
( 3, 3,  0, 0,  1, 1, 2 )==tBA11c,
( 3, 3,  0, 0,  1, 2, 1 )==tAB11c,
( 3, 3,  0, 0,  1, 2, 2 )==tBB11c,
( 3, 3,  1, 0,  0, 1, 1 )==tAA11a,
( 3, 3,  1, 0,  0, 1, 2 )==tAB11a,
( 3, 3,  1, 0,  0, 2, 1 )==tBA11a,
( 3, 3,  1, 0,  0, 2, 2 )==tBB11a,
( 3, 3,  1, 0,  1, 1, 1 )==tAA11ic,
( 3, 4, -2, 0, -1, 1, 2 )==tBA12ac,
( 3, 4, -2, 0,  0, 1, 1 )==tAA12a,
( 3, 4, -2, 0,  0, 1, 2 )==tBA12a,
( 3, 4, -2, 0,  0, 2, 1 )==tAB12a,
( 3, 4, -2, 0,  0, 2, 2 )==tBB12a,
( 3, 4, -2, 0,  1, 1, 1 )==tAA12ak,
( 3, 4, -2, 0,  1, 1, 2 )==tBA12ak,
( 3, 4, -2, 0,  1, 2, 1 )==tAB12ak,
( 3, 4, -1, 0, -1, 1, 1 )==tAA12c,
( 3, 4, -1, 0, -1, 1, 2 )==tBA12c,
( 3, 4, -1, 0, -1, 2, 1 )==tAB12c,
( 3, 4, -1, 0,  0, 1, 1 )==tAA12,
( 3, 4, -1, 0,  0, 1, 2 )==tBA12,
( 3, 4, -1, 0,  0, 2, 1 )==tAB12,
( 3, 4, -1, 0,  0, 2, 2 )==tBB12,
( 3, 4, -1, 0,  1, 1, 1 )==tAA12k,
( 3, 4, -1, 0,  1, 1, 2 )==tBA12k,
( 3, 4, -1, 0,  1, 2, 1 )==tAB12k,
( 3, 4,  0, 0, -1, 1, 1 )==tAA12c,
( 3, 4,  0, 0, -1, 1, 2 )==tAB12c,
( 3, 4,  0, 0, -1, 2, 1 )==tBA12c,
( 3, 4,  0, 0,  0, 1, 1 )==tAA12,
( 3, 4,  0, 0,  0, 1, 2 )==tAB12,
( 3, 4,  0, 0,  0, 2, 1 )==tBA12,
( 3, 4,  0, 0,  0, 2, 2 )==tBB12,
( 3, 4,  0, 0,  1, 1, 1 )==tAA12k,
( 3, 4,  0, 0,  1, 1, 2 )==tAB12k,
( 3, 4,  0, 0,  1, 2, 1 )==tBA12k,
( 3, 4,  1, 0, -1, 2, 1 )==tBA12ac,
( 3, 4,  1, 0,  0, 1, 1 )==tAA12a,
( 3, 4,  1, 0,  0, 1, 2 )==tAB12a,
( 3, 4,  1, 0,  0, 2, 1 )==tBA12a,
( 3, 4,  1, 0,  0, 2, 2 )==tBB12a,
( 3, 4,  1, 0,  1, 1, 1 )==tAA12ak,
( 3, 4,  1, 0,  1, 1, 2 )==tAB12ak,
( 3, 4,  1, 0,  1, 2, 1 )==tBA12ak,
( 4, 1, -1, 0, -1, 1, 1 )==tAA14ac,
( 4, 1, -1, 0, -1, 1, 2 )==tBA14ac,
( 4, 1, -1, 0, -1, 2, 1 )==tAB14ac,
( 4, 1, -1, 0, -1, 2, 2 )==tBB14ac,
( 4, 1, -1, 0,  0, 1, 1 )==tAA14a,
( 4, 1, -1, 0,  0, 1, 2 )==tBA14a,
( 4, 1, -1, 0,  0, 2, 2 )==tBB14a,
( 4, 1, -1, 0,  1, 1, 1 )==tAA14ak,
( 4, 1, -1, 0,  1, 1, 2 )==tBA14ak,
( 4, 1, -1, 0,  1, 2, 1 )==tAB14ak,
( 4, 1, -1, 0,  1, 2, 2 )==tBB14ak,
( 4, 1,  0, 0,  0, 1, 1 )==tAA14,
( 4, 1,  0, 0,  0, 1, 2 )==tBA14,
( 4, 1,  0, 0,  0, 2, 1 )==tAB14,
( 4, 1,  0, 0,  0, 2, 2 )==tBB14,
( 4, 1,  0, 0,  1, 1, 1 )==tAA14i,
( 4, 1,  0, 0,  1, 1, 2 )==tAB14i,
( 4, 1,  0, 0,  1, 2, 1 )==tBA14i,
( 4, 1,  0, 0,  1, 2, 2 )==tBB14i,
( 4, 1,  0, 0,  2, 1, 1 )==tAA14ic,
( 4, 1,  0, 0,  2, 2, 1 )==tBA14ic,
( 4, 1,  0, 0,  2, 2, 2 )==tBB14ic,
( 4, 1,  1, 0, -1, 1, 1 )==tAA14ic,
( 4, 1,  1, 0, -1, 1, 2 )==tBA14ic,
( 4, 1,  1, 0, -1, 2, 2 )==tBB14ic,
( 4, 1,  1, 0,  0, 1, 1 )==tAA14i,
( 4, 1,  1, 0,  0, 1, 2 )==tBA14i,
( 4, 1,  1, 0,  0, 2, 1 )==tAB14i,
( 4, 1,  1, 0,  0, 2, 2 )==tBB14i,
( 4, 1,  1, 0,  1, 1, 1 )==tAA14,
( 4, 1,  1, 0,  1, 1, 2 )==tAB14,
( 4, 1,  1, 0,  1, 2, 1 )==tBA14,
( 4, 1,  1, 0,  1, 2, 2 )==tBB14,
( 4, 1,  2, 0,  0, 1, 1 )==tAA14ak,
( 4, 1,  2, 0,  0, 1, 2 )==tAB14ak,
( 4, 1,  2, 0,  0, 2, 1 )==tBA14ak,
( 4, 1,  2, 0,  0, 2, 2 )==tBB14ak,
( 4, 1,  2, 0,  1, 1, 1 )==tAA14a,
( 4, 1,  2, 0,  1, 2, 1 )==tBA14a,
( 4, 1,  2, 0,  1, 2, 2 )==tBB14a,
( 4, 1,  2, 0,  2, 1, 1 )==tAA14ac,
( 4, 1,  2, 0,  2, 1, 2 )==tAB14ac,
( 4, 1,  2, 0,  2, 2, 1 )==tBA14ac,
( 4, 1,  2, 0,  2, 2, 2 )==tBB14ac,
( 4, 2, -1, 0, -1, 1, 1 )==tAA13akk,
( 4, 2, -1, 0, -1, 2, 1 )==tAB13akk,
( 4, 2, -1, 0,  0, 1, 1 )==tAA13ak,
( 4, 2, -1, 0,  0, 1, 2 )==tBA13ak,
( 4, 2, -1, 0,  0, 2, 1 )==tAB13ak,
( 4, 2, -1, 0,  0, 2, 2 )==tBB13ak,
( 4, 2, -1, 0,  1, 1, 1 )==tAA13a,
( 4, 2, -1, 0,  1, 1, 2 )==tBA13a,
( 4, 2, -1, 0,  1, 2, 1 )==tAB13a,
( 4, 2, -1, 0,  1, 2, 2 )==tBB13a,
( 4, 2, -1, 0,  2, 1, 1 )==tAA13ac,
( 4, 2, -1, 0,  2, 1, 2 )==tBA13ac,
( 4, 2, -1, 0,  2, 2, 1 )==tAB13ac,
( 4, 2, -1, 0,  2, 2, 2 )==tBB13ac,
( 4, 2,  0, 0, -1, 1, 1 )==tAA13kk,
( 4, 2,  0, 0, -1, 1, 2 )==tAB13kk,
( 4, 2,  0, 0, -1, 2, 1 )==tAB13kk,
( 4, 2,  0, 0, -1, 2, 2 )==tBB13kk,
( 4, 2,  0, 0,  0, 1, 1 )==tAA13k,
( 4, 2,  0, 0,  0, 1, 2 )==tAB13k,
( 4, 2,  0, 0,  0, 2, 1 )==tAB13k,
( 4, 2,  0, 0,  0, 2, 2 )==tBB13k,
( 4, 2,  0, 0,  1, 1, 1 )==tAA13,
( 4, 2,  0, 0,  1, 1, 2 )==tAB13,
( 4, 2,  0, 0,  1, 2, 1 )==tAB13,
( 4, 2,  0, 0,  1, 2, 2 )==tBB13,
( 4, 2,  0, 0,  2, 1, 1 )==tAA13c,
( 4, 2,  0, 0,  2, 2, 2 )==tBB13c,
( 4, 2,  1, 0, -1, 1, 1 )==tAA13akk,
( 4, 2,  1, 0, -1, 1, 2 )==tAB13akk,
( 4, 2,  1, 0,  0, 1, 1 )==tAA13ak,
( 4, 2,  1, 0,  0, 1, 2 )==tAB13ak,
( 4, 2,  1, 0,  0, 2, 1 )==tBA13ak,
( 4, 2,  1, 0,  0, 2, 2 )==tBB13ak,
( 4, 2,  1, 0,  1, 1, 1 )==tAA13a,
( 4, 2,  1, 0,  1, 1, 2 )==tAB13a,
( 4, 2,  1, 0,  1, 2, 1 )==tBA13a,
( 4, 2,  1, 0,  1, 2, 2 )==tBB13a,
( 4, 2,  1, 0,  2, 1, 1 )==tAA13ac,
( 4, 2,  1, 0,  2, 1, 2 )==tAB13ac,
( 4, 2,  1, 0,  2, 2, 1 )==tBA13ac,
( 4, 2,  1, 0,  2, 2, 2 )==tBB13ac,
( 4, 3, -1, 0, -1, 1, 1 )==tAA12ak,
( 4, 3, -1, 0, -1, 1, 2 )==tBA12ak,
( 4, 3, -1, 0, -1, 2, 1 )==tAB12ak,
( 4, 3, -1, 0,  0, 1, 1 )==tAA12a,
( 4, 3, -1, 0,  0, 1, 2 )==tBA12a,
( 4, 3, -1, 0,  0, 2, 1 )==tAB12a,
( 4, 3, -1, 0,  0, 2, 2 )==tBB12a,
( 4, 3, -1, 0,  1, 1, 2 )==tBA12ac,
( 4, 3,  0, 0, -1, 1, 1 )==tAA12k,
( 4, 3,  0, 0, -1, 1, 2 )==tBA12k,
( 4, 3,  0, 0, -1, 2, 1 )==tAB12k,
( 4, 3,  0, 0,  0, 1, 1 )==tAA12,
( 4, 3,  0, 0,  0, 1, 2 )==tBA12,
( 4, 3,  0, 0,  0, 2, 1 )==tAB12,
( 4, 3,  0, 0,  0, 2, 2 )==tBB12,
( 4, 3,  0, 0,  1, 1, 1 )==tAA12c,
( 4, 3,  0, 0,  1, 1, 2 )==tBA12c,
( 4, 3,  0, 0,  1, 2, 1 )==tAB12c,
( 4, 3,  1, 0, -1, 1, 1 )==tAA12k,
( 4, 3,  1, 0, -1, 1, 2 )==tAB12k,
( 4, 3,  1, 0, -1, 2, 1 )==tBA12k,
( 4, 3,  1, 0,  0, 1, 1 )==tAA12,
( 4, 3,  1, 0,  0, 1, 2 )==tAB12,
( 4, 3,  1, 0,  0, 2, 1 )==tBA12,
( 4, 3,  1, 0,  0, 2, 2 )==tBB12,
( 4, 3,  1, 0,  1, 1, 1 )==tAA12c,
( 4, 3,  1, 0,  1, 1, 2 )==tAB12c,
( 4, 3,  1, 0,  1, 2, 1 )==tBA12c,
( 4, 3,  2, 0, -1, 1, 1 )==tAA12ak,
( 4, 3,  2, 0, -1, 1, 2 )==tAB12ak,
( 4, 3,  2, 0, -1, 2, 1 )==tBA12ak,
( 4, 3,  2, 0,  0, 1, 1 )==tAA12a,
( 4, 3,  2, 0,  0, 1, 2 )==tAB12a,
( 4, 3,  2, 0,  0, 2, 1 )==tBA12a,
( 4, 3,  2, 0,  0, 2, 2 )==tBB12a,
( 4, 3,  2, 0,  1, 2, 1 )==tBA12ac,
( 4, 4, -1, 0,  0, 1, 1 )==tAA11a,
( 4, 4, -1, 0,  0, 1, 2 )==tBA11a,
( 4, 4, -1, 0,  0, 2, 1 )==tAB11a,
( 4, 4, -1, 0,  0, 2, 2 )==tBB11a,
( 4, 4, -1, 0,  1, 1, 1 )==tAA11ic,
( 4, 4,  0, 0, -1, 1, 1 )==tAA11c,
( 4, 4,  0, 0, -1, 1, 2 )==tBA11c,
( 4, 4,  0, 0, -1, 2, 1 )==tAB11c,
( 4, 4,  0, 0, -1, 2, 2 )==tBB11c,
( 4, 4,  0, 0,  0, 1, 1 )==eA1,
( 4, 4,  0, 0,  0, 1, 2 )==eAB1,
( 4, 4,  0, 0,  0, 2, 1 )==eAB1,
( 4, 4,  0, 0,  0, 2, 2 )==eB1,
( 4, 4,  0, 0,  1, 1, 1 )==tAA11c,
( 4, 4,  0, 0,  1, 1, 2 )==tAB11c,
( 4, 4,  0, 0,  1, 2, 1 )==tBA11c,
( 4, 4,  0, 0,  1, 2, 2 )==tBB11c,
( 4, 4,  1, 0, -1, 1, 1 )==tAA11ic,
( 4, 4,  1, 0,  0, 1, 1 )==tAA11a,
( 4, 4,  1, 0,  0, 1, 2 )==tAB11a,
( 4, 4,  1, 0,  0, 2, 1 )==tBA11a,
( 4, 4,  1, 0,  0, 2, 2 )==tBB11a,
NULL]
