eunit=meV, punit=GPa

Translations: 5,6,109 Imaginary: 1,2,3,4

N=300, ZPE=76.72 meV/mode, F(300K)=81.15 meV/mode

-4.36,-4.33,-2.51,-2.03,-0.53,0.26,0.82,2.18,2.75 .. 389,389,389 meV

-4.36,-4.33,-2.51,-2.03,-0.53,0.26,0.82,2.18,2.75,3.39,3.55,4.09,4.18,5.03,5.07,5.15,5.27,7.20,8.38,9.02,9.10,11.48,13.42,13.63,13.78,13.79,14.23,14.33,14.89,14.92,15.07,15.27,16.32,16.35,17.06,17.88,18.37,18.74,18.97,19.52,20.26,20.58,21.96,23.62,25.43,26.73,26.91,27.67,28.21,28.26,29.91,29.96,30.02,30.12,32.13,32.38,32.80,34.18,37.28,37.37,41.70,41.77,48.87,49.62,49.79,50.46,51.36,51.42,53.51,53.65,54.93,55.10,56.59,56.68,58.52,58.64,66.73,66.75,69.50,69.90,74.96,75.11,75.39,75.68,76.49,76.85,80.49,80.78,88.14,88.18,88.38,88.43,89.58,89.63,89.79,89.91,90.12,90.57,90.74,91.02,95.44,95.45,95.92,95.97,98.37,99.11,99.12,99.82,105.68,105.98,107.25,107.42,107.49,107.85,107.92,108.03,109.17,109.24,109.78,109.88,114.39,114.58,120.04,120.07,120.52,120.56,123.05,123.26,124.23,124.23,124.34,124.43,128.42,128.49,129.20,129.22,130.51,130.69,131.09,131.10,131.76,131.80,131.81,131.83,135.40,135.43,135.89,135.92,137.23,137.24,137.25,137.29,145.44,145.55,146.21,146.24,146.79,146.82,147.95,148.05,148.64,148.84,149.73,149.87,150.85,151.18,153.68,153.75,154.03,154.13,154.26,154.27,156.74,156.88,156.94,157.02,158.78,158.94,159.08,159.08,159.89,159.89,159.90,159.90,160.51,160.51,160.61,160.62,162.17,162.40,163.06,163.41,165.63,165.67,166.28,166.37,167.13,167.13,167.13,167.16,168.80,168.81,168.95,168.95,169.67,169.90,171.51,171.69,174.67,174.86,175.37,175.71,176.60,176.60,177.44,177.45,177.53,177.96,178.08,178.25,178.33,178.61,178.77,178.88,179.68,179.72,179.76,179.86,179.94,179.95,179.98,180.06,180.19,180.48,180.60,180.61,180.70,180.79,181.81,181.85,184.72,184.74,191.26,191.32,362.95,362.96,362.96,362.99,364.22,364.22,364.25,364.25,364.96,364.96,365.00,365.00,366.21,366.21,366.32,366.32,366.88,366.92,367.00,367.03,367.34,367.34,367.41,367.42,367.87,367.90,367.92,367.94,367.96,367.97,368.02,368.06,368.98,368.98,369.04,369.04,371.45,371.46,371.56,371.57,373.16,373.17,373.34,373.35,376.28,376.29,376.38,376.38,377.59,377.60,377.70,377.72,389.44,389.45,389.50,389.50

 XX  78.818
 YY   0.453   1.877
 ZZ   0.960   1.171   3.776
 XY   0.000   0.000   0.000  -0.441
 YZ   0.141  -0.226   0.409  -0.000   0.598
 ZX  -0.000   0.000   0.000   0.062  -0.000   0.681
       XX      YY      ZZ      XY      YZ      ZX

     -0.445   0.418   0.684   1.479   4.339  78.834
 XX  -0.000   0.001   0.000   0.000  -0.014  -1.000
 YY   0.000  -0.323   0.000   0.848   0.421  -0.006
 ZZ   0.000   0.225   0.000  -0.363   0.904  -0.013
 XY   0.998   0.000   0.055   0.000   0.000   0.000
 YZ   0.000  -0.919   0.000  -0.387   0.073  -0.002
 ZX  -0.055   0.000   0.998   0.000  -0.000   0.000

K=1.693, GR=1.508, GV=1.752

false pressure=-0.001, external pressure by components:
     -1.192  -1.135  -0.608   0.011   0.122   0.004
      1.293   1.235   0.643   0.011  -0.127   0.004
