# Effective 2-orbital Hamiltonian for pistack-CAabab
SG=p21/b11xz
orbs=[[1,2,3,4]]
M=Matrix(3,3,[
a,0,0,
0,b,0,
0,0,c])
P=Matrix(3,4,[
x,x+1/2,-x+1/2,-x+1,
y,-y,y,-y,
z,-z-1/2,z+1/2,-z])
geoparams=[
"pistack-CAabab_PBE-D3paw900"==[ a=7.819180, b=20, c=7.553574, x=0.043934, y=0.183732, z=-0.126785],
NULL]
params=[
 # dimer+NN approximation
"pistack-CAabab_PBE-D3paw900_CAM-B3LYPp2p_h"      ==[ E0=-7.534785, eAB1=-0.030159, eB1=-0.395834, tAA12=-0.992840, tAB12=0.243787, tBA12=0.251616, tBB12=-0.140341, tAA13=0.069398, tAB13=0.006201, tBA13=-0.147740, tBB13=0.026320, tAA13i=-0.037753, tAB13i=-0.002971, tBA13i=0.016036, tAA11c=0.020032, tAB11c=-0.008852, tBA11c=0.009844, tBB11c=-0.023134, tAA14i=0.021197, tAB14i=-0.007618, tBB14i=-0.004113, tAA14ik=0.243551, tAB14ik=-0.022078, tBB14ik=0.055425, tAA11a=0.077303, tAB11a=-0.016629, tBA11a=0.004527, tBB11a=0.001526, tAA14k=-0.092931, tAB14k=0.033660, tBB14k=-0.016135, tAA14=-0.128662, tAB14=-0.004920, tBB14=0.025724, tAB13c=0.002834, tBB13c=0.003841, tAA11ac=0.012380, tAA12k=0.046662, tAA13a=-0.023601, tAA12a=-0.021766, tBA12a=0.013075, tBB12a=-0.007407, tAA14ii=-0.019954, tAA14ic=0.001002, tBB14ic=0.002270, tAA14ikk=-0.015468, tAA14c=-0.005203, tAA12ak=0.032769, tAB12ak=-0.008504, tBA12ak=-0.006457, tAA14kk=-0.010452, tAB14kk=0.004235, tBB14kk=-0.002083, tAA14ak=-0.037165, tAA13ac=-0.008646, tAB13ac=0.003532, tAA14a=-0.032397, tAA14iikk=-0.024079, tAB14iikk=0.007290, tBB14iikk=-0.002184, tAA14ac=-0.009625, tBB14ac=0.002733],
 # dimer approximation
"pistack-CAabab_PBE-D3paw900_CAM-B3LYPp2p_h_dimer"==[ E0=-7.776093, eAB1=-0.011457, eB1=-0.401707, tAA12=-1.037072, tAB12=0.257031, tBA12=0.275899, tBB12=-0.149776, tAA13=0.056254, tAB13=0.013153, tBA13=-0.144510, tBB13=0.033819, tAA13i=-0.049962, tAB13i=0.001955, tBA13i=0.018862, tAA14i=0.018956, tAB14i=-0.010269, tBB14i=-0.003629, tAA14ik=0.225272, tAB14ik=-0.019164, tBB14ik=0.058107, tAA11a=0.060123, tAB11a=-0.007200, tBA11a=0.010329, tBB11a=-0.004588, tAA14k=-0.091697, tAB14k=0.034248, tBB14k=-0.018245, tAA14=-0.124816, tAB14=-0.007715, tBB14=0.029380, tAA13a=-0.028272, tAB12a=0.014200, tBA12a=0.015668, tAA14ii=-0.020157, tBB14ii=0.003869, tAA14ak=-0.045977, tAB14ak=0.008814, tBB14ak=-0.001483],
NULL]
H=[
( 1, 1, -1, 0, -1, 1, 1 )==tAA11ac,
( 1, 1, -1, 0,  0, 1, 1 )==tAA11a,
( 1, 1, -1, 0,  0, 1, 2 )==tBA11a,
( 1, 1, -1, 0,  0, 2, 1 )==tAB11a,
( 1, 1, -1, 0,  0, 2, 2 )==tBB11a,
( 1, 1,  0, 0, -1, 1, 1 )==tAA11c,
( 1, 1,  0, 0, -1, 1, 2 )==tBA11c,
( 1, 1,  0, 0, -1, 2, 1 )==tAB11c,
( 1, 1,  0, 0, -1, 2, 2 )==tBB11c,
( 1, 1,  0, 0,  0, 1, 1 )==eA1,
( 1, 1,  0, 0,  0, 1, 2 )==eAB1,
( 1, 1,  0, 0,  0, 2, 1 )==eAB1,
( 1, 1,  0, 0,  0, 2, 2 )==eB1,
( 1, 1,  0, 0,  1, 1, 1 )==tAA11c,
( 1, 1,  0, 0,  1, 1, 2 )==tAB11c,
( 1, 1,  0, 0,  1, 2, 1 )==tBA11c,
( 1, 1,  0, 0,  1, 2, 2 )==tBB11c,
( 1, 1,  1, 0,  0, 1, 1 )==tAA11a,
( 1, 1,  1, 0,  0, 1, 2 )==tAB11a,
( 1, 1,  1, 0,  0, 2, 1 )==tBA11a,
( 1, 1,  1, 0,  0, 2, 2 )==tBB11a,
( 1, 1,  1, 0,  1, 1, 1 )==tAA11ac,
( 1, 2, -2, 0, -1, 1, 1 )==tAA12ak,
( 1, 2, -2, 0, -1, 1, 2 )==tBA12ak,
( 1, 2, -2, 0, -1, 2, 1 )==tAB12ak,
( 1, 2, -2, 0,  0, 1, 1 )==tAA12a,
( 1, 2, -2, 0,  0, 1, 2 )==tBA12a,
( 1, 2, -2, 0,  0, 2, 1 )==tAB12a,
( 1, 2, -2, 0,  0, 2, 2 )==tBB12a,
( 1, 2, -1, 0, -1, 1, 1 )==tAA12k,
( 1, 2, -1, 0,  0, 1, 1 )==tAA12,
( 1, 2, -1, 0,  0, 1, 2 )==tBA12,
( 1, 2, -1, 0,  0, 2, 1 )==tAB12,
( 1, 2, -1, 0,  0, 2, 2 )==tBB12,
( 1, 2,  0, 0, -1, 1, 1 )==tAA12k,
( 1, 2,  0, 0,  0, 1, 1 )==tAA12,
( 1, 2,  0, 0,  0, 1, 2 )==tAB12,
( 1, 2,  0, 0,  0, 2, 1 )==tBA12,
( 1, 2,  0, 0,  0, 2, 2 )==tBB12,
( 1, 2,  1, 0, -1, 1, 1 )==tAA12ak,
( 1, 2,  1, 0, -1, 1, 2 )==tAB12ak,
( 1, 2,  1, 0, -1, 2, 1 )==tBA12ak,
( 1, 2,  1, 0,  0, 1, 1 )==tAA12a,
( 1, 2,  1, 0,  0, 1, 2 )==tAB12a,
( 1, 2,  1, 0,  0, 2, 1 )==tBA12a,
( 1, 2,  1, 0,  0, 2, 2 )==tBB12a,
( 1, 3, -1, 0, -1, 1, 1 )==tAA13i,
( 1, 3, -1, 0, -1, 1, 2 )==tBA13i,
( 1, 3, -1, 0, -1, 2, 1 )==tAB13i,
( 1, 3, -1, 0, -1, 2, 2 )==tBB13i,
( 1, 3, -1, 0,  0, 1, 1 )==tAA13i,
( 1, 3, -1, 0,  0, 1, 2 )==tAB13i,
( 1, 3, -1, 0,  0, 2, 1 )==tBA13i,
( 1, 3, -1, 0,  0, 2, 2 )==tBB13i,
( 1, 3,  0, 0, -2, 2, 1 )==tAB13c,
( 1, 3,  0, 0, -2, 2, 2 )==tBB13c,
( 1, 3,  0, 0, -1, 1, 1 )==tAA13,
( 1, 3,  0, 0, -1, 1, 2 )==tBA13,
( 1, 3,  0, 0, -1, 2, 1 )==tAB13,
( 1, 3,  0, 0, -1, 2, 2 )==tBB13,
( 1, 3,  0, 0,  0, 1, 1 )==tAA13,
( 1, 3,  0, 0,  0, 1, 2 )==tAB13,
( 1, 3,  0, 0,  0, 2, 1 )==tBA13,
( 1, 3,  0, 0,  0, 2, 2 )==tBB13,
( 1, 3,  0, 0,  1, 1, 2 )==tAB13c,
( 1, 3,  0, 0,  1, 2, 2 )==tBB13c,
( 1, 3,  1, 0, -2, 1, 1 )==tAA13ac,
( 1, 3,  1, 0, -2, 2, 1 )==tAB13ac,
( 1, 3,  1, 0, -1, 1, 1 )==tAA13a,
( 1, 3,  1, 0,  0, 1, 1 )==tAA13a,
( 1, 3,  1, 0,  1, 1, 1 )==tAA13ac,
( 1, 3,  1, 0,  1, 1, 2 )==tAB13ac,
( 1, 4, -2, 0, -2, 1, 1 )==tAA14iikk,
( 1, 4, -2, 0, -2, 1, 2 )==tAB14iikk,
( 1, 4, -2, 0, -2, 2, 1 )==tAB14iikk,
( 1, 4, -2, 0, -2, 2, 2 )==tBB14iikk,
( 1, 4, -2, 0,  0, 1, 1 )==tAA14ii,
( 1, 4, -2, 0,  0, 2, 2 )==tBB14ii,
( 1, 4, -1, 0, -2, 1, 1 )==tAA14ikk,
( 1, 4, -1, 0, -1, 1, 1 )==tAA14ik,
( 1, 4, -1, 0, -1, 1, 2 )==tAB14ik,
( 1, 4, -1, 0, -1, 2, 1 )==tAB14ik,
( 1, 4, -1, 0, -1, 2, 2 )==tBB14ik,
( 1, 4, -1, 0,  0, 1, 1 )==tAA14i,
( 1, 4, -1, 0,  0, 1, 2 )==tAB14i,
( 1, 4, -1, 0,  0, 2, 1 )==tAB14i,
( 1, 4, -1, 0,  0, 2, 2 )==tBB14i,
( 1, 4, -1, 0,  1, 1, 1 )==tAA14ic,
( 1, 4, -1, 0,  1, 2, 2 )==tBB14ic,
( 1, 4,  0, 0, -2, 1, 1 )==tAA14kk,
( 1, 4,  0, 0, -2, 1, 2 )==tAB14kk,
( 1, 4,  0, 0, -2, 2, 1 )==tAB14kk,
( 1, 4,  0, 0, -2, 2, 2 )==tBB14kk,
( 1, 4,  0, 0, -1, 1, 1 )==tAA14k,
( 1, 4,  0, 0, -1, 1, 2 )==tAB14k,
( 1, 4,  0, 0, -1, 2, 1 )==tAB14k,
( 1, 4,  0, 0, -1, 2, 2 )==tBB14k,
( 1, 4,  0, 0,  0, 1, 1 )==tAA14,
( 1, 4,  0, 0,  0, 1, 2 )==tAB14,
( 1, 4,  0, 0,  0, 2, 1 )==tAB14,
( 1, 4,  0, 0,  0, 2, 2 )==tBB14,
( 1, 4,  0, 0,  1, 1, 1 )==tAA14c,
( 1, 4,  1, 0, -1, 1, 1 )==tAA14ak,
( 1, 4,  1, 0, -1, 1, 2 )==tAB14ak,
( 1, 4,  1, 0, -1, 2, 1 )==tAB14ak,
( 1, 4,  1, 0, -1, 2, 2 )==tBB14ak,
( 1, 4,  1, 0,  0, 1, 1 )==tAA14a,
( 1, 4,  1, 0,  1, 1, 1 )==tAA14ac,
( 1, 4,  1, 0,  1, 2, 2 )==tBB14ac,
( 2, 1, -1, 0,  0, 1, 1 )==tAA12a,
( 2, 1, -1, 0,  0, 1, 2 )==tBA12a,
( 2, 1, -1, 0,  0, 2, 1 )==tAB12a,
( 2, 1, -1, 0,  0, 2, 2 )==tBB12a,
( 2, 1, -1, 0,  1, 1, 1 )==tAA12ak,
( 2, 1, -1, 0,  1, 1, 2 )==tBA12ak,
( 2, 1, -1, 0,  1, 2, 1 )==tAB12ak,
( 2, 1,  0, 0,  0, 1, 1 )==tAA12,
( 2, 1,  0, 0,  0, 1, 2 )==tBA12,
( 2, 1,  0, 0,  0, 2, 1 )==tAB12,
( 2, 1,  0, 0,  0, 2, 2 )==tBB12,
( 2, 1,  0, 0,  1, 1, 1 )==tAA12k,
( 2, 1,  1, 0,  0, 1, 1 )==tAA12,
( 2, 1,  1, 0,  0, 1, 2 )==tAB12,
( 2, 1,  1, 0,  0, 2, 1 )==tBA12,
( 2, 1,  1, 0,  0, 2, 2 )==tBB12,
( 2, 1,  1, 0,  1, 1, 1 )==tAA12k,
( 2, 1,  2, 0,  0, 1, 1 )==tAA12a,
( 2, 1,  2, 0,  0, 1, 2 )==tAB12a,
( 2, 1,  2, 0,  0, 2, 1 )==tBA12a,
( 2, 1,  2, 0,  0, 2, 2 )==tBB12a,
( 2, 1,  2, 0,  1, 1, 1 )==tAA12ak,
( 2, 1,  2, 0,  1, 1, 2 )==tAB12ak,
( 2, 1,  2, 0,  1, 2, 1 )==tBA12ak,
( 2, 2, -1, 0,  0, 1, 1 )==tAA11a,
( 2, 2, -1, 0,  0, 1, 2 )==tBA11a,
( 2, 2, -1, 0,  0, 2, 1 )==tAB11a,
( 2, 2, -1, 0,  0, 2, 2 )==tBB11a,
( 2, 2, -1, 0,  1, 1, 1 )==tAA11ac,
( 2, 2,  0, 0, -1, 1, 1 )==tAA11c,
( 2, 2,  0, 0, -1, 1, 2 )==tAB11c,
( 2, 2,  0, 0, -1, 2, 1 )==tBA11c,
( 2, 2,  0, 0, -1, 2, 2 )==tBB11c,
( 2, 2,  0, 0,  0, 1, 1 )==eA1,
( 2, 2,  0, 0,  0, 1, 2 )==eAB1,
( 2, 2,  0, 0,  0, 2, 1 )==eAB1,
( 2, 2,  0, 0,  0, 2, 2 )==eB1,
( 2, 2,  0, 0,  1, 1, 1 )==tAA11c,
( 2, 2,  0, 0,  1, 1, 2 )==tBA11c,
( 2, 2,  0, 0,  1, 2, 1 )==tAB11c,
( 2, 2,  0, 0,  1, 2, 2 )==tBB11c,
( 2, 2,  1, 0, -1, 1, 1 )==tAA11ac,
( 2, 2,  1, 0,  0, 1, 1 )==tAA11a,
( 2, 2,  1, 0,  0, 1, 2 )==tAB11a,
( 2, 2,  1, 0,  0, 2, 1 )==tBA11a,
( 2, 2,  1, 0,  0, 2, 2 )==tBB11a,
( 2, 3, -1, 0, -1, 1, 1 )==tAA14ii,
( 2, 3, -1, 0, -1, 2, 2 )==tBB14ii,
( 2, 3, -1, 0,  1, 1, 1 )==tAA14iikk,
( 2, 3, -1, 0,  1, 1, 2 )==tAB14iikk,
( 2, 3, -1, 0,  1, 2, 1 )==tAB14iikk,
( 2, 3, -1, 0,  1, 2, 2 )==tBB14iikk,
( 2, 3,  0, 0, -2, 1, 1 )==tAA14ic,
( 2, 3,  0, 0, -2, 2, 2 )==tBB14ic,
( 2, 3,  0, 0, -1, 1, 1 )==tAA14i,
( 2, 3,  0, 0, -1, 1, 2 )==tAB14i,
( 2, 3,  0, 0, -1, 2, 1 )==tAB14i,
( 2, 3,  0, 0, -1, 2, 2 )==tBB14i,
( 2, 3,  0, 0,  0, 1, 1 )==tAA14ik,
( 2, 3,  0, 0,  0, 1, 2 )==tAB14ik,
( 2, 3,  0, 0,  0, 2, 1 )==tAB14ik,
( 2, 3,  0, 0,  0, 2, 2 )==tBB14ik,
( 2, 3,  0, 0,  1, 1, 1 )==tAA14ikk,
( 2, 3,  1, 0, -2, 1, 1 )==tAA14c,
( 2, 3,  1, 0, -1, 1, 1 )==tAA14,
( 2, 3,  1, 0, -1, 1, 2 )==tAB14,
( 2, 3,  1, 0, -1, 2, 1 )==tAB14,
( 2, 3,  1, 0, -1, 2, 2 )==tBB14,
( 2, 3,  1, 0,  0, 1, 1 )==tAA14k,
( 2, 3,  1, 0,  0, 1, 2 )==tAB14k,
( 2, 3,  1, 0,  0, 2, 1 )==tAB14k,
( 2, 3,  1, 0,  0, 2, 2 )==tBB14k,
( 2, 3,  1, 0,  1, 1, 1 )==tAA14kk,
( 2, 3,  1, 0,  1, 1, 2 )==tAB14kk,
( 2, 3,  1, 0,  1, 2, 1 )==tAB14kk,
( 2, 3,  1, 0,  1, 2, 2 )==tBB14kk,
( 2, 3,  2, 0, -2, 1, 1 )==tAA14ac,
( 2, 3,  2, 0, -2, 2, 2 )==tBB14ac,
( 2, 3,  2, 0, -1, 1, 1 )==tAA14a,
( 2, 3,  2, 0,  0, 1, 1 )==tAA14ak,
( 2, 3,  2, 0,  0, 1, 2 )==tAB14ak,
( 2, 3,  2, 0,  0, 2, 1 )==tAB14ak,
( 2, 3,  2, 0,  0, 2, 2 )==tBB14ak,
( 2, 4, -1, 0, -1, 1, 1 )==tAA13i,
( 2, 4, -1, 0, -1, 1, 2 )==tAB13i,
( 2, 4, -1, 0, -1, 2, 1 )==tBA13i,
( 2, 4, -1, 0, -1, 2, 2 )==tBB13i,
( 2, 4, -1, 0,  0, 1, 1 )==tAA13i,
( 2, 4, -1, 0,  0, 1, 2 )==tBA13i,
( 2, 4, -1, 0,  0, 2, 1 )==tAB13i,
( 2, 4, -1, 0,  0, 2, 2 )==tBB13i,
( 2, 4,  0, 0, -2, 1, 2 )==tAB13c,
( 2, 4,  0, 0, -2, 2, 2 )==tBB13c,
( 2, 4,  0, 0, -1, 1, 1 )==tAA13,
( 2, 4,  0, 0, -1, 1, 2 )==tAB13,
( 2, 4,  0, 0, -1, 2, 1 )==tBA13,
( 2, 4,  0, 0, -1, 2, 2 )==tBB13,
( 2, 4,  0, 0,  0, 1, 1 )==tAA13,
( 2, 4,  0, 0,  0, 1, 2 )==tBA13,
( 2, 4,  0, 0,  0, 2, 1 )==tAB13,
( 2, 4,  0, 0,  0, 2, 2 )==tBB13,
( 2, 4,  0, 0,  1, 2, 1 )==tAB13c,
( 2, 4,  0, 0,  1, 2, 2 )==tBB13c,
( 2, 4,  1, 0, -2, 1, 1 )==tAA13ac,
( 2, 4,  1, 0, -2, 1, 2 )==tAB13ac,
( 2, 4,  1, 0, -1, 1, 1 )==tAA13a,
( 2, 4,  1, 0,  0, 1, 1 )==tAA13a,
( 2, 4,  1, 0,  1, 1, 1 )==tAA13ac,
( 2, 4,  1, 0,  1, 2, 1 )==tAB13ac,
( 3, 1, -1, 0, -1, 1, 1 )==tAA13ac,
( 3, 1, -1, 0, -1, 2, 1 )==tAB13ac,
( 3, 1, -1, 0,  0, 1, 1 )==tAA13a,
( 3, 1, -1, 0,  1, 1, 1 )==tAA13a,
( 3, 1, -1, 0,  2, 1, 1 )==tAA13ac,
( 3, 1, -1, 0,  2, 1, 2 )==tAB13ac,
( 3, 1,  0, 0, -1, 2, 1 )==tAB13c,
( 3, 1,  0, 0, -1, 2, 2 )==tBB13c,
( 3, 1,  0, 0,  0, 1, 1 )==tAA13,
( 3, 1,  0, 0,  0, 1, 2 )==tBA13,
( 3, 1,  0, 0,  0, 2, 1 )==tAB13,
( 3, 1,  0, 0,  0, 2, 2 )==tBB13,
( 3, 1,  0, 0,  1, 1, 1 )==tAA13,
( 3, 1,  0, 0,  1, 1, 2 )==tAB13,
( 3, 1,  0, 0,  1, 2, 1 )==tBA13,
( 3, 1,  0, 0,  1, 2, 2 )==tBB13,
( 3, 1,  0, 0,  2, 1, 2 )==tAB13c,
( 3, 1,  0, 0,  2, 2, 2 )==tBB13c,
( 3, 1,  1, 0,  0, 1, 1 )==tAA13i,
( 3, 1,  1, 0,  0, 1, 2 )==tBA13i,
( 3, 1,  1, 0,  0, 2, 1 )==tAB13i,
( 3, 1,  1, 0,  0, 2, 2 )==tBB13i,
( 3, 1,  1, 0,  1, 1, 1 )==tAA13i,
( 3, 1,  1, 0,  1, 1, 2 )==tAB13i,
( 3, 1,  1, 0,  1, 2, 1 )==tBA13i,
( 3, 1,  1, 0,  1, 2, 2 )==tBB13i,
( 3, 2, -2, 0,  0, 1, 1 )==tAA14ak,
( 3, 2, -2, 0,  0, 1, 2 )==tAB14ak,
( 3, 2, -2, 0,  0, 2, 1 )==tAB14ak,
( 3, 2, -2, 0,  0, 2, 2 )==tBB14ak,
( 3, 2, -2, 0,  1, 1, 1 )==tAA14a,
( 3, 2, -2, 0,  2, 1, 1 )==tAA14ac,
( 3, 2, -2, 0,  2, 2, 2 )==tBB14ac,
( 3, 2, -1, 0, -1, 1, 1 )==tAA14kk,
( 3, 2, -1, 0, -1, 1, 2 )==tAB14kk,
( 3, 2, -1, 0, -1, 2, 1 )==tAB14kk,
( 3, 2, -1, 0, -1, 2, 2 )==tBB14kk,
( 3, 2, -1, 0,  0, 1, 1 )==tAA14k,
( 3, 2, -1, 0,  0, 1, 2 )==tAB14k,
( 3, 2, -1, 0,  0, 2, 1 )==tAB14k,
( 3, 2, -1, 0,  0, 2, 2 )==tBB14k,
( 3, 2, -1, 0,  1, 1, 1 )==tAA14,
( 3, 2, -1, 0,  1, 1, 2 )==tAB14,
( 3, 2, -1, 0,  1, 2, 1 )==tAB14,
( 3, 2, -1, 0,  1, 2, 2 )==tBB14,
( 3, 2, -1, 0,  2, 1, 1 )==tAA14c,
( 3, 2,  0, 0, -1, 1, 1 )==tAA14ikk,
( 3, 2,  0, 0,  0, 1, 1 )==tAA14ik,
( 3, 2,  0, 0,  0, 1, 2 )==tAB14ik,
( 3, 2,  0, 0,  0, 2, 1 )==tAB14ik,
( 3, 2,  0, 0,  0, 2, 2 )==tBB14ik,
( 3, 2,  0, 0,  1, 1, 1 )==tAA14i,
( 3, 2,  0, 0,  1, 1, 2 )==tAB14i,
( 3, 2,  0, 0,  1, 2, 1 )==tAB14i,
( 3, 2,  0, 0,  1, 2, 2 )==tBB14i,
( 3, 2,  0, 0,  2, 1, 1 )==tAA14ic,
( 3, 2,  0, 0,  2, 2, 2 )==tBB14ic,
( 3, 2,  1, 0, -1, 1, 1 )==tAA14iikk,
( 3, 2,  1, 0, -1, 1, 2 )==tAB14iikk,
( 3, 2,  1, 0, -1, 2, 1 )==tAB14iikk,
( 3, 2,  1, 0, -1, 2, 2 )==tBB14iikk,
( 3, 2,  1, 0,  1, 1, 1 )==tAA14ii,
( 3, 2,  1, 0,  1, 2, 2 )==tBB14ii,
( 3, 3, -1, 0,  0, 1, 1 )==tAA11a,
( 3, 3, -1, 0,  0, 1, 2 )==tAB11a,
( 3, 3, -1, 0,  0, 2, 1 )==tBA11a,
( 3, 3, -1, 0,  0, 2, 2 )==tBB11a,
( 3, 3, -1, 0,  1, 1, 1 )==tAA11ac,
( 3, 3,  0, 0, -1, 1, 1 )==tAA11c,
( 3, 3,  0, 0, -1, 1, 2 )==tBA11c,
( 3, 3,  0, 0, -1, 2, 1 )==tAB11c,
( 3, 3,  0, 0, -1, 2, 2 )==tBB11c,
( 3, 3,  0, 0,  0, 1, 1 )==eA1,
( 3, 3,  0, 0,  0, 1, 2 )==eAB1,
( 3, 3,  0, 0,  0, 2, 1 )==eAB1,
( 3, 3,  0, 0,  0, 2, 2 )==eB1,
( 3, 3,  0, 0,  1, 1, 1 )==tAA11c,
( 3, 3,  0, 0,  1, 1, 2 )==tAB11c,
( 3, 3,  0, 0,  1, 2, 1 )==tBA11c,
( 3, 3,  0, 0,  1, 2, 2 )==tBB11c,
( 3, 3,  1, 0, -1, 1, 1 )==tAA11ac,
( 3, 3,  1, 0,  0, 1, 1 )==tAA11a,
( 3, 3,  1, 0,  0, 1, 2 )==tBA11a,
( 3, 3,  1, 0,  0, 2, 1 )==tAB11a,
( 3, 3,  1, 0,  0, 2, 2 )==tBB11a,
( 3, 4, -2, 0, -1, 1, 1 )==tAA12ak,
( 3, 4, -2, 0, -1, 1, 2 )==tAB12ak,
( 3, 4, -2, 0, -1, 2, 1 )==tBA12ak,
( 3, 4, -2, 0,  0, 1, 1 )==tAA12a,
( 3, 4, -2, 0,  0, 1, 2 )==tAB12a,
( 3, 4, -2, 0,  0, 2, 1 )==tBA12a,
( 3, 4, -2, 0,  0, 2, 2 )==tBB12a,
( 3, 4, -1, 0, -1, 1, 1 )==tAA12k,
( 3, 4, -1, 0,  0, 1, 1 )==tAA12,
( 3, 4, -1, 0,  0, 1, 2 )==tAB12,
( 3, 4, -1, 0,  0, 2, 1 )==tBA12,
( 3, 4, -1, 0,  0, 2, 2 )==tBB12,
( 3, 4,  0, 0, -1, 1, 1 )==tAA12k,
( 3, 4,  0, 0,  0, 1, 1 )==tAA12,
( 3, 4,  0, 0,  0, 1, 2 )==tBA12,
( 3, 4,  0, 0,  0, 2, 1 )==tAB12,
( 3, 4,  0, 0,  0, 2, 2 )==tBB12,
( 3, 4,  1, 0, -1, 1, 1 )==tAA12ak,
( 3, 4,  1, 0, -1, 1, 2 )==tBA12ak,
( 3, 4,  1, 0, -1, 2, 1 )==tAB12ak,
( 3, 4,  1, 0,  0, 1, 1 )==tAA12a,
( 3, 4,  1, 0,  0, 1, 2 )==tBA12a,
( 3, 4,  1, 0,  0, 2, 1 )==tAB12a,
( 3, 4,  1, 0,  0, 2, 2 )==tBB12a,
( 4, 1, -1, 0, -1, 1, 1 )==tAA14ac,
( 4, 1, -1, 0, -1, 2, 2 )==tBB14ac,
( 4, 1, -1, 0,  0, 1, 1 )==tAA14a,
( 4, 1, -1, 0,  1, 1, 1 )==tAA14ak,
( 4, 1, -1, 0,  1, 1, 2 )==tAB14ak,
( 4, 1, -1, 0,  1, 2, 1 )==tAB14ak,
( 4, 1, -1, 0,  1, 2, 2 )==tBB14ak,
( 4, 1,  0, 0, -1, 1, 1 )==tAA14c,
( 4, 1,  0, 0,  0, 1, 1 )==tAA14,
( 4, 1,  0, 0,  0, 1, 2 )==tAB14,
( 4, 1,  0, 0,  0, 2, 1 )==tAB14,
( 4, 1,  0, 0,  0, 2, 2 )==tBB14,
( 4, 1,  0, 0,  1, 1, 1 )==tAA14k,
( 4, 1,  0, 0,  1, 1, 2 )==tAB14k,
( 4, 1,  0, 0,  1, 2, 1 )==tAB14k,
( 4, 1,  0, 0,  1, 2, 2 )==tBB14k,
( 4, 1,  0, 0,  2, 1, 1 )==tAA14kk,
( 4, 1,  0, 0,  2, 1, 2 )==tAB14kk,
( 4, 1,  0, 0,  2, 2, 1 )==tAB14kk,
( 4, 1,  0, 0,  2, 2, 2 )==tBB14kk,
( 4, 1,  1, 0, -1, 1, 1 )==tAA14ic,
( 4, 1,  1, 0, -1, 2, 2 )==tBB14ic,
( 4, 1,  1, 0,  0, 1, 1 )==tAA14i,
( 4, 1,  1, 0,  0, 1, 2 )==tAB14i,
( 4, 1,  1, 0,  0, 2, 1 )==tAB14i,
( 4, 1,  1, 0,  0, 2, 2 )==tBB14i,
( 4, 1,  1, 0,  1, 1, 1 )==tAA14ik,
( 4, 1,  1, 0,  1, 1, 2 )==tAB14ik,
( 4, 1,  1, 0,  1, 2, 1 )==tAB14ik,
( 4, 1,  1, 0,  1, 2, 2 )==tBB14ik,
( 4, 1,  1, 0,  2, 1, 1 )==tAA14ikk,
( 4, 1,  2, 0,  0, 1, 1 )==tAA14ii,
( 4, 1,  2, 0,  0, 2, 2 )==tBB14ii,
( 4, 1,  2, 0,  2, 1, 1 )==tAA14iikk,
( 4, 1,  2, 0,  2, 1, 2 )==tAB14iikk,
( 4, 1,  2, 0,  2, 2, 1 )==tAB14iikk,
( 4, 1,  2, 0,  2, 2, 2 )==tBB14iikk,
( 4, 2, -1, 0, -1, 1, 1 )==tAA13ac,
( 4, 2, -1, 0, -1, 1, 2 )==tAB13ac,
( 4, 2, -1, 0,  0, 1, 1 )==tAA13a,
( 4, 2, -1, 0,  1, 1, 1 )==tAA13a,
( 4, 2, -1, 0,  2, 1, 1 )==tAA13ac,
( 4, 2, -1, 0,  2, 2, 1 )==tAB13ac,
( 4, 2,  0, 0, -1, 1, 2 )==tAB13c,
( 4, 2,  0, 0, -1, 2, 2 )==tBB13c,
( 4, 2,  0, 0,  0, 1, 1 )==tAA13,
( 4, 2,  0, 0,  0, 1, 2 )==tAB13,
( 4, 2,  0, 0,  0, 2, 1 )==tBA13,
( 4, 2,  0, 0,  0, 2, 2 )==tBB13,
( 4, 2,  0, 0,  1, 1, 1 )==tAA13,
( 4, 2,  0, 0,  1, 1, 2 )==tBA13,
( 4, 2,  0, 0,  1, 2, 1 )==tAB13,
( 4, 2,  0, 0,  1, 2, 2 )==tBB13,
( 4, 2,  0, 0,  2, 2, 1 )==tAB13c,
( 4, 2,  0, 0,  2, 2, 2 )==tBB13c,
( 4, 2,  1, 0,  0, 1, 1 )==tAA13i,
( 4, 2,  1, 0,  0, 1, 2 )==tAB13i,
( 4, 2,  1, 0,  0, 2, 1 )==tBA13i,
( 4, 2,  1, 0,  0, 2, 2 )==tBB13i,
( 4, 2,  1, 0,  1, 1, 1 )==tAA13i,
( 4, 2,  1, 0,  1, 1, 2 )==tBA13i,
( 4, 2,  1, 0,  1, 2, 1 )==tAB13i,
( 4, 2,  1, 0,  1, 2, 2 )==tBB13i,
( 4, 3, -1, 0,  0, 1, 1 )==tAA12a,
( 4, 3, -1, 0,  0, 1, 2 )==tAB12a,
( 4, 3, -1, 0,  0, 2, 1 )==tBA12a,
( 4, 3, -1, 0,  0, 2, 2 )==tBB12a,
( 4, 3, -1, 0,  1, 1, 1 )==tAA12ak,
( 4, 3, -1, 0,  1, 1, 2 )==tAB12ak,
( 4, 3, -1, 0,  1, 2, 1 )==tBA12ak,
( 4, 3,  0, 0,  0, 1, 1 )==tAA12,
( 4, 3,  0, 0,  0, 1, 2 )==tAB12,
( 4, 3,  0, 0,  0, 2, 1 )==tBA12,
( 4, 3,  0, 0,  0, 2, 2 )==tBB12,
( 4, 3,  0, 0,  1, 1, 1 )==tAA12k,
( 4, 3,  1, 0,  0, 1, 1 )==tAA12,
( 4, 3,  1, 0,  0, 1, 2 )==tBA12,
( 4, 3,  1, 0,  0, 2, 1 )==tAB12,
( 4, 3,  1, 0,  0, 2, 2 )==tBB12,
( 4, 3,  1, 0,  1, 1, 1 )==tAA12k,
( 4, 3,  2, 0,  0, 1, 1 )==tAA12a,
( 4, 3,  2, 0,  0, 1, 2 )==tBA12a,
( 4, 3,  2, 0,  0, 2, 1 )==tAB12a,
( 4, 3,  2, 0,  0, 2, 2 )==tBB12a,
( 4, 3,  2, 0,  1, 1, 1 )==tAA12ak,
( 4, 3,  2, 0,  1, 1, 2 )==tBA12ak,
( 4, 3,  2, 0,  1, 2, 1 )==tAB12ak,
( 4, 4, -1, 0, -1, 1, 1 )==tAA11ac,
( 4, 4, -1, 0,  0, 1, 1 )==tAA11a,
( 4, 4, -1, 0,  0, 1, 2 )==tAB11a,
( 4, 4, -1, 0,  0, 2, 1 )==tBA11a,
( 4, 4, -1, 0,  0, 2, 2 )==tBB11a,
( 4, 4,  0, 0, -1, 1, 1 )==tAA11c,
( 4, 4,  0, 0, -1, 1, 2 )==tAB11c,
( 4, 4,  0, 0, -1, 2, 1 )==tBA11c,
( 4, 4,  0, 0, -1, 2, 2 )==tBB11c,
( 4, 4,  0, 0,  0, 1, 1 )==eA1,
( 4, 4,  0, 0,  0, 1, 2 )==eAB1,
( 4, 4,  0, 0,  0, 2, 1 )==eAB1,
( 4, 4,  0, 0,  0, 2, 2 )==eB1,
( 4, 4,  0, 0,  1, 1, 1 )==tAA11c,
( 4, 4,  0, 0,  1, 1, 2 )==tBA11c,
( 4, 4,  0, 0,  1, 2, 1 )==tAB11c,
( 4, 4,  0, 0,  1, 2, 2 )==tBB11c,
( 4, 4,  1, 0,  0, 1, 1 )==tAA11a,
( 4, 4,  1, 0,  0, 1, 2 )==tBA11a,
( 4, 4,  1, 0,  0, 2, 1 )==tAB11a,
( 4, 4,  1, 0,  0, 2, 2 )==tBB11a,
( 4, 4,  1, 0,  1, 1, 1 )==tAA11ac,
NULL]
