eunit=meV, punit=GPa

Translations: 2,3,4 Imaginary: 1

N=300, ZPE=77.10 meV/mode, F(300K)=81.45 meV/mode

-2.55,-1.14,-1.07,-0.97,3.06,3.31,3.53,5.10,5.34 .. 388,389,389 meV

-2.55,-1.14,-1.07,-0.97,3.06,3.31,3.53,5.10,5.34,6.24,6.28,7.15,7.18,8.85,8.95,9.48,9.60,9.72,9.97,10.18,11.78,12.32,12.97,13.57,13.78,14.04,14.25,15.28,15.95,16.47,18.42,18.60,18.70,19.34,20.04,20.13,20.33,21.10,22.75,23.09,23.62,23.88,24.61,24.62,25.93,26.65,26.96,28.40,28.48,28.55,32.09,32.79,32.89,33.12,34.17,34.88,37.23,37.50,40.02,40.36,45.02,45.36,48.38,48.65,49.08,49.16,49.95,50.03,52.35,52.67,55.65,55.76,56.35,56.53,61.09,61.18,67.41,67.74,70.18,70.25,72.04,72.22,74.67,74.80,82.43,82.52,83.79,83.96,86.84,87.15,87.47,88.11,88.23,88.55,89.91,90.00,91.79,92.06,92.14,92.35,95.02,95.21,95.26,95.39,100.13,100.21,101.23,101.34,104.60,105.54,107.13,107.21,108.45,108.47,108.47,108.50,108.61,108.80,109.90,109.99,115.26,115.29,115.31,115.33,117.34,117.43,120.76,120.82,120.90,121.02,124.87,125.07,126.47,126.74,127.60,127.80,130.23,130.31,130.34,130.43,132.29,132.32,132.55,132.57,134.57,134.60,134.76,134.80,136.93,136.94,137.25,137.28,143.64,143.70,143.77,143.78,145.23,145.24,148.17,148.19,148.86,149.08,149.54,149.71,151.08,151.65,153.45,154.00,154.49,155.00,155.22,155.31,155.46,155.55,155.82,155.87,158.33,158.40,158.45,158.46,159.47,159.63,159.93,160.01,160.75,160.80,160.84,160.92,164.11,164.13,164.23,164.24,164.66,164.91,165.00,165.25,167.32,167.32,167.60,167.63,168.34,168.45,168.73,168.77,168.78,168.83,171.95,171.97,175.93,175.94,177.02,177.14,177.44,177.55,177.59,177.68,178.74,178.87,178.94,178.96,178.97,179.09,179.23,179.37,179.41,179.47,179.59,179.59,179.65,179.96,179.97,180.01,180.18,180.23,180.30,180.34,180.72,180.76,181.54,181.63,185.37,185.40,192.55,192.56,366.55,366.55,366.58,366.59,366.63,366.63,366.77,366.78,367.18,367.18,367.19,367.20,368.68,368.69,368.76,368.76,368.84,368.87,368.91,368.92,369.43,369.43,369.53,369.53,369.99,370.00,370.06,370.08,371.66,371.66,371.69,371.69,371.99,371.99,372.11,372.12,374.35,374.37,374.77,374.78,375.06,375.08,375.08,375.10,376.60,376.64,376.82,376.82,377.87,377.87,377.99,378.01,388.47,388.49,388.51,388.51

 XX  71.731
 YY   2.506   6.056
 ZZ   0.892   1.953   6.542
 XY   0.000  -0.000  -0.000  -0.110
 YZ   0.000  -0.000   0.000   0.000   0.849
 ZX  -0.000  -0.000  -0.000  -0.000   0.000   0.885
       XX      YY      ZZ      XY      YZ      ZX

     -0.110   0.849   0.885   4.306   8.182  71.841
 XX   0.000   0.000   0.000  -0.019  -0.036  -0.999
 YY   0.000   0.000   0.000   0.757   0.652  -0.039
 ZZ   0.000   0.000   0.000  -0.653   0.757  -0.015
 XY   1.000   0.000   0.000  -0.000   0.000   0.000
 YZ   0.000   1.000   0.000  -0.000   0.000   0.000
 ZX   0.000   0.000   1.000  -0.000   0.000   0.000

K=4.041, GR=-0.805, GV=1.134

false pressure=0.001, external pressure by components:
     -1.100  -1.033  -0.553   0.009   0.001   0.001
      1.216   1.123   0.592   0.009   0.001   0.001
