# Effective 2-orbital Hamiltonian for pistack-BAab
SG=c211xz
orbs=[[1,2,3,4]]
M=Matrix(3,3,[
a,0,0,
0,b,0,
0,0,c])
P=Matrix(3,4,[
x,x+1/2,x,x+1/2,
y,-y,-y,y,
z,-z-1/2,-z,z+1/2])
geoparams=[
"pistack-BAab_PBE-D3paw900"==[ a=7.817408, b=20, c=7.526993, x=0.198984, y=0.188501, z=-0.097079],
NULL]
params=[
 # dimer+NN approximation
"pistack-BAab_PBE-D3paw900_CAM-B3LYPp2p_h"==[ E0=-7.510188, eAB1=-0.034018, eB1=-0.382065, tAA12=-0.998174, tAB12=0.260245, tBA12=0.269305, tBB12=-0.139317, tAA14k=0.017422, tAB14k=-0.041934, tBA14k=-0.001573, tBB14k=0.023591, tAA14=0.012851, tAB14=-0.008170, tBA14=0.059987, tBB14=-0.055620, tAA11c=0.011609, tAB11c=-0.007015, tBA11c=0.002132, tBB11c=-0.017259, tAA13=-0.057719, tAB13=0.028780, tBB13=-0.102183, tAA13k=-0.310599, tAB13k=0.099002, tBB13k=0.112312, tAA11a=0.059536, tAB11a=-0.015645, tBB11a=0.003312, tAA12c=0.012559, tAB12c=0.005578, tBA12k=0.009395, tBA11ac=0.002331, tAA13a=0.049734, tAB13a=-0.017482, tAA14ic=0.001911, tAB14ic=0.002875, tBA14ic=-0.001375, tAA13c=-0.001646, tAB13c=-0.001478, tBB13c=-0.004560, tAA12a=-0.042294, tAB12a=0.018763, tBA12a=0.014503, tAA14a=0.012885, tAA13kk=0.002218, tAB13kk=0.003820, tBB13kk=-0.005859, tAA13ac=0.001835, tAB13ac=-0.001577, tAB12ak=-0.002584, tAA13akk=0.001815, tBA13akk=0.003050, tBB13akk=-0.001176, tAA14ac=0.001744],
NULL]
H=[
( 1, 1, -1, 0, -1, 1, 2 )==tBA11ac,
( 1, 1, -1, 0,  0, 1, 1 )==tAA11a,
( 1, 1, -1, 0,  0, 1, 2 )==tBA11a,
( 1, 1, -1, 0,  0, 2, 1 )==tAB11a,
( 1, 1, -1, 0,  0, 2, 2 )==tBB11a,
( 1, 1,  0, 0, -1, 1, 1 )==tAA11c,
( 1, 1,  0, 0, -1, 1, 2 )==tBA11c,
( 1, 1,  0, 0, -1, 2, 1 )==tAB11c,
( 1, 1,  0, 0, -1, 2, 2 )==tBB11c,
( 1, 1,  0, 0,  0, 1, 1 )==eA1,
( 1, 1,  0, 0,  0, 1, 2 )==eAB1,
( 1, 1,  0, 0,  0, 2, 1 )==eAB1,
( 1, 1,  0, 0,  0, 2, 2 )==eB1,
( 1, 1,  0, 0,  1, 1, 1 )==tAA11c,
( 1, 1,  0, 0,  1, 1, 2 )==tAB11c,
( 1, 1,  0, 0,  1, 2, 1 )==tBA11c,
( 1, 1,  0, 0,  1, 2, 2 )==tBB11c,
( 1, 1,  1, 0,  0, 1, 1 )==tAA11a,
( 1, 1,  1, 0,  0, 1, 2 )==tAB11a,
( 1, 1,  1, 0,  0, 2, 1 )==tBA11a,
( 1, 1,  1, 0,  0, 2, 2 )==tBB11a,
( 1, 1,  1, 0,  1, 2, 1 )==tBA11ac,
( 1, 2, -2, 0, -1, 2, 1 )==tAB12ak,
( 1, 2, -2, 0,  0, 1, 1 )==tAA12a,
( 1, 2, -2, 0,  0, 1, 2 )==tBA12a,
( 1, 2, -2, 0,  0, 2, 1 )==tAB12a,
( 1, 2, -1, 0, -1, 1, 2 )==tBA12k,
( 1, 2, -1, 0,  0, 1, 1 )==tAA12,
( 1, 2, -1, 0,  0, 1, 2 )==tBA12,
( 1, 2, -1, 0,  0, 2, 1 )==tAB12,
( 1, 2, -1, 0,  0, 2, 2 )==tBB12,
( 1, 2, -1, 0,  1, 1, 1 )==tAA12c,
( 1, 2, -1, 0,  1, 2, 1 )==tAB12c,
( 1, 2,  0, 0, -1, 2, 1 )==tBA12k,
( 1, 2,  0, 0,  0, 1, 1 )==tAA12,
( 1, 2,  0, 0,  0, 1, 2 )==tAB12,
( 1, 2,  0, 0,  0, 2, 1 )==tBA12,
( 1, 2,  0, 0,  0, 2, 2 )==tBB12,
( 1, 2,  0, 0,  1, 1, 1 )==tAA12c,
( 1, 2,  0, 0,  1, 1, 2 )==tAB12c,
( 1, 2,  1, 0, -1, 1, 2 )==tAB12ak,
( 1, 2,  1, 0,  0, 1, 1 )==tAA12a,
( 1, 2,  1, 0,  0, 1, 2 )==tAB12a,
( 1, 2,  1, 0,  0, 2, 1 )==tBA12a,
( 1, 3, -1, 0, -2, 1, 1 )==tAA13akk,
( 1, 3, -1, 0, -2, 1, 2 )==tBA13akk,
( 1, 3, -1, 0, -2, 2, 2 )==tBB13akk,
( 1, 3, -1, 0,  0, 1, 1 )==tAA13a,
( 1, 3, -1, 0,  0, 2, 1 )==tAB13a,
( 1, 3, -1, 0,  1, 1, 1 )==tAA13ac,
( 1, 3, -1, 0,  1, 2, 1 )==tAB13ac,
( 1, 3,  0, 0, -2, 1, 1 )==tAA13kk,
( 1, 3,  0, 0, -2, 1, 2 )==tAB13kk,
( 1, 3,  0, 0, -2, 2, 1 )==tAB13kk,
( 1, 3,  0, 0, -2, 2, 2 )==tBB13kk,
( 1, 3,  0, 0, -1, 1, 1 )==tAA13k,
( 1, 3,  0, 0, -1, 1, 2 )==tAB13k,
( 1, 3,  0, 0, -1, 2, 1 )==tAB13k,
( 1, 3,  0, 0, -1, 2, 2 )==tBB13k,
( 1, 3,  0, 0,  0, 1, 1 )==tAA13,
( 1, 3,  0, 0,  0, 1, 2 )==tAB13,
( 1, 3,  0, 0,  0, 2, 1 )==tAB13,
( 1, 3,  0, 0,  0, 2, 2 )==tBB13,
( 1, 3,  0, 0,  1, 1, 1 )==tAA13c,
( 1, 3,  0, 0,  1, 1, 2 )==tAB13c,
( 1, 3,  0, 0,  1, 2, 1 )==tAB13c,
( 1, 3,  0, 0,  1, 2, 2 )==tBB13c,
( 1, 3,  1, 0, -2, 1, 1 )==tAA13akk,
( 1, 3,  1, 0, -2, 2, 1 )==tBA13akk,
( 1, 3,  1, 0, -2, 2, 2 )==tBB13akk,
( 1, 3,  1, 0,  0, 1, 1 )==tAA13a,
( 1, 3,  1, 0,  0, 1, 2 )==tAB13a,
( 1, 3,  1, 0,  1, 1, 1 )==tAA13ac,
( 1, 3,  1, 0,  1, 1, 2 )==tAB13ac,
( 1, 4, -2, 0, -2, 1, 1 )==tAA14ac,
( 1, 4, -2, 0, -1, 1, 1 )==tAA14a,
( 1, 4, -1, 0, -1, 1, 1 )==tAA14,
( 1, 4, -1, 0, -1, 1, 2 )==tBA14,
( 1, 4, -1, 0, -1, 2, 1 )==tAB14,
( 1, 4, -1, 0, -1, 2, 2 )==tBB14,
( 1, 4, -1, 0,  0, 1, 1 )==tAA14k,
( 1, 4, -1, 0,  0, 1, 2 )==tBA14k,
( 1, 4, -1, 0,  0, 2, 1 )==tAB14k,
( 1, 4, -1, 0,  0, 2, 2 )==tBB14k,
( 1, 4, -1, 0,  1, 1, 1 )==tAA14ic,
( 1, 4, -1, 0,  1, 1, 2 )==tAB14ic,
( 1, 4, -1, 0,  1, 2, 1 )==tBA14ic,
( 1, 4,  0, 0, -2, 1, 1 )==tAA14ic,
( 1, 4,  0, 0, -2, 1, 2 )==tBA14ic,
( 1, 4,  0, 0, -2, 2, 1 )==tAB14ic,
( 1, 4,  0, 0, -1, 1, 1 )==tAA14k,
( 1, 4,  0, 0, -1, 1, 2 )==tAB14k,
( 1, 4,  0, 0, -1, 2, 1 )==tBA14k,
( 1, 4,  0, 0, -1, 2, 2 )==tBB14k,
( 1, 4,  0, 0,  0, 1, 1 )==tAA14,
( 1, 4,  0, 0,  0, 1, 2 )==tAB14,
( 1, 4,  0, 0,  0, 2, 1 )==tBA14,
( 1, 4,  0, 0,  0, 2, 2 )==tBB14,
( 1, 4,  1, 0,  0, 1, 1 )==tAA14a,
( 1, 4,  1, 0,  1, 1, 1 )==tAA14ac,
( 2, 1, -1, 0,  0, 1, 1 )==tAA12a,
( 2, 1, -1, 0,  0, 1, 2 )==tBA12a,
( 2, 1, -1, 0,  0, 2, 1 )==tAB12a,
( 2, 1, -1, 0,  1, 2, 1 )==tAB12ak,
( 2, 1,  0, 0, -1, 1, 1 )==tAA12c,
( 2, 1,  0, 0, -1, 2, 1 )==tAB12c,
( 2, 1,  0, 0,  0, 1, 1 )==tAA12,
( 2, 1,  0, 0,  0, 1, 2 )==tBA12,
( 2, 1,  0, 0,  0, 2, 1 )==tAB12,
( 2, 1,  0, 0,  0, 2, 2 )==tBB12,
( 2, 1,  0, 0,  1, 1, 2 )==tBA12k,
( 2, 1,  1, 0, -1, 1, 1 )==tAA12c,
( 2, 1,  1, 0, -1, 1, 2 )==tAB12c,
( 2, 1,  1, 0,  0, 1, 1 )==tAA12,
( 2, 1,  1, 0,  0, 1, 2 )==tAB12,
( 2, 1,  1, 0,  0, 2, 1 )==tBA12,
( 2, 1,  1, 0,  0, 2, 2 )==tBB12,
( 2, 1,  1, 0,  1, 2, 1 )==tBA12k,
( 2, 1,  2, 0,  0, 1, 1 )==tAA12a,
( 2, 1,  2, 0,  0, 1, 2 )==tAB12a,
( 2, 1,  2, 0,  0, 2, 1 )==tBA12a,
( 2, 1,  2, 0,  1, 1, 2 )==tAB12ak,
( 2, 2, -1, 0,  0, 1, 1 )==tAA11a,
( 2, 2, -1, 0,  0, 1, 2 )==tBA11a,
( 2, 2, -1, 0,  0, 2, 1 )==tAB11a,
( 2, 2, -1, 0,  0, 2, 2 )==tBB11a,
( 2, 2, -1, 0,  1, 1, 2 )==tBA11ac,
( 2, 2,  0, 0, -1, 1, 1 )==tAA11c,
( 2, 2,  0, 0, -1, 1, 2 )==tAB11c,
( 2, 2,  0, 0, -1, 2, 1 )==tBA11c,
( 2, 2,  0, 0, -1, 2, 2 )==tBB11c,
( 2, 2,  0, 0,  0, 1, 1 )==eA1,
( 2, 2,  0, 0,  0, 1, 2 )==eAB1,
( 2, 2,  0, 0,  0, 2, 1 )==eAB1,
( 2, 2,  0, 0,  0, 2, 2 )==eB1,
( 2, 2,  0, 0,  1, 1, 1 )==tAA11c,
( 2, 2,  0, 0,  1, 1, 2 )==tBA11c,
( 2, 2,  0, 0,  1, 2, 1 )==tAB11c,
( 2, 2,  0, 0,  1, 2, 2 )==tBB11c,
( 2, 2,  1, 0, -1, 2, 1 )==tBA11ac,
( 2, 2,  1, 0,  0, 1, 1 )==tAA11a,
( 2, 2,  1, 0,  0, 1, 2 )==tAB11a,
( 2, 2,  1, 0,  0, 2, 1 )==tBA11a,
( 2, 2,  1, 0,  0, 2, 2 )==tBB11a,
( 2, 3, -1, 0,  0, 1, 1 )==tAA14a,
( 2, 3, -1, 0,  1, 1, 1 )==tAA14ac,
( 2, 3,  0, 0, -2, 1, 1 )==tAA14ic,
( 2, 3,  0, 0, -2, 1, 2 )==tAB14ic,
( 2, 3,  0, 0, -2, 2, 1 )==tBA14ic,
( 2, 3,  0, 0, -1, 1, 1 )==tAA14k,
( 2, 3,  0, 0, -1, 1, 2 )==tBA14k,
( 2, 3,  0, 0, -1, 2, 1 )==tAB14k,
( 2, 3,  0, 0, -1, 2, 2 )==tBB14k,
( 2, 3,  0, 0,  0, 1, 1 )==tAA14,
( 2, 3,  0, 0,  0, 1, 2 )==tBA14,
( 2, 3,  0, 0,  0, 2, 1 )==tAB14,
( 2, 3,  0, 0,  0, 2, 2 )==tBB14,
( 2, 3,  1, 0, -1, 1, 1 )==tAA14,
( 2, 3,  1, 0, -1, 1, 2 )==tAB14,
( 2, 3,  1, 0, -1, 2, 1 )==tBA14,
( 2, 3,  1, 0, -1, 2, 2 )==tBB14,
( 2, 3,  1, 0,  0, 1, 1 )==tAA14k,
( 2, 3,  1, 0,  0, 1, 2 )==tAB14k,
( 2, 3,  1, 0,  0, 2, 1 )==tBA14k,
( 2, 3,  1, 0,  0, 2, 2 )==tBB14k,
( 2, 3,  1, 0,  1, 1, 1 )==tAA14ic,
( 2, 3,  1, 0,  1, 1, 2 )==tBA14ic,
( 2, 3,  1, 0,  1, 2, 1 )==tAB14ic,
( 2, 3,  2, 0, -2, 1, 1 )==tAA14ac,
( 2, 3,  2, 0, -1, 1, 1 )==tAA14a,
( 2, 4, -1, 0, -2, 1, 1 )==tAA13ac,
( 2, 4, -1, 0, -2, 2, 1 )==tAB13ac,
( 2, 4, -1, 0, -1, 1, 1 )==tAA13a,
( 2, 4, -1, 0, -1, 2, 1 )==tAB13a,
( 2, 4, -1, 0,  1, 1, 1 )==tAA13akk,
( 2, 4, -1, 0,  1, 1, 2 )==tBA13akk,
( 2, 4, -1, 0,  1, 2, 2 )==tBB13akk,
( 2, 4,  0, 0, -2, 1, 1 )==tAA13c,
( 2, 4,  0, 0, -2, 1, 2 )==tAB13c,
( 2, 4,  0, 0, -2, 2, 1 )==tAB13c,
( 2, 4,  0, 0, -2, 2, 2 )==tBB13c,
( 2, 4,  0, 0, -1, 1, 1 )==tAA13,
( 2, 4,  0, 0, -1, 1, 2 )==tAB13,
( 2, 4,  0, 0, -1, 2, 1 )==tAB13,
( 2, 4,  0, 0, -1, 2, 2 )==tBB13,
( 2, 4,  0, 0,  0, 1, 1 )==tAA13k,
( 2, 4,  0, 0,  0, 1, 2 )==tAB13k,
( 2, 4,  0, 0,  0, 2, 1 )==tAB13k,
( 2, 4,  0, 0,  0, 2, 2 )==tBB13k,
( 2, 4,  0, 0,  1, 1, 1 )==tAA13kk,
( 2, 4,  0, 0,  1, 1, 2 )==tAB13kk,
( 2, 4,  0, 0,  1, 2, 1 )==tAB13kk,
( 2, 4,  0, 0,  1, 2, 2 )==tBB13kk,
( 2, 4,  1, 0, -2, 1, 1 )==tAA13ac,
( 2, 4,  1, 0, -2, 1, 2 )==tAB13ac,
( 2, 4,  1, 0, -1, 1, 1 )==tAA13a,
( 2, 4,  1, 0, -1, 1, 2 )==tAB13a,
( 2, 4,  1, 0,  1, 1, 1 )==tAA13akk,
( 2, 4,  1, 0,  1, 2, 1 )==tBA13akk,
( 2, 4,  1, 0,  1, 2, 2 )==tBB13akk,
( 3, 1, -1, 0, -1, 1, 1 )==tAA13ac,
( 3, 1, -1, 0, -1, 2, 1 )==tAB13ac,
( 3, 1, -1, 0,  0, 1, 1 )==tAA13a,
( 3, 1, -1, 0,  0, 2, 1 )==tAB13a,
( 3, 1, -1, 0,  2, 1, 1 )==tAA13akk,
( 3, 1, -1, 0,  2, 1, 2 )==tBA13akk,
( 3, 1, -1, 0,  2, 2, 2 )==tBB13akk,
( 3, 1,  0, 0, -1, 1, 1 )==tAA13c,
( 3, 1,  0, 0, -1, 1, 2 )==tAB13c,
( 3, 1,  0, 0, -1, 2, 1 )==tAB13c,
( 3, 1,  0, 0, -1, 2, 2 )==tBB13c,
( 3, 1,  0, 0,  0, 1, 1 )==tAA13,
( 3, 1,  0, 0,  0, 1, 2 )==tAB13,
( 3, 1,  0, 0,  0, 2, 1 )==tAB13,
( 3, 1,  0, 0,  0, 2, 2 )==tBB13,
( 3, 1,  0, 0,  1, 1, 1 )==tAA13k,
( 3, 1,  0, 0,  1, 1, 2 )==tAB13k,
( 3, 1,  0, 0,  1, 2, 1 )==tAB13k,
( 3, 1,  0, 0,  1, 2, 2 )==tBB13k,
( 3, 1,  0, 0,  2, 1, 1 )==tAA13kk,
( 3, 1,  0, 0,  2, 1, 2 )==tAB13kk,
( 3, 1,  0, 0,  2, 2, 1 )==tAB13kk,
( 3, 1,  0, 0,  2, 2, 2 )==tBB13kk,
( 3, 1,  1, 0, -1, 1, 1 )==tAA13ac,
( 3, 1,  1, 0, -1, 1, 2 )==tAB13ac,
( 3, 1,  1, 0,  0, 1, 1 )==tAA13a,
( 3, 1,  1, 0,  0, 1, 2 )==tAB13a,
( 3, 1,  1, 0,  2, 1, 1 )==tAA13akk,
( 3, 1,  1, 0,  2, 2, 1 )==tBA13akk,
( 3, 1,  1, 0,  2, 2, 2 )==tBB13akk,
( 3, 2, -2, 0,  1, 1, 1 )==tAA14a,
( 3, 2, -2, 0,  2, 1, 1 )==tAA14ac,
( 3, 2, -1, 0, -1, 1, 1 )==tAA14ic,
( 3, 2, -1, 0, -1, 1, 2 )==tAB14ic,
( 3, 2, -1, 0, -1, 2, 1 )==tBA14ic,
( 3, 2, -1, 0,  0, 1, 1 )==tAA14k,
( 3, 2, -1, 0,  0, 1, 2 )==tBA14k,
( 3, 2, -1, 0,  0, 2, 1 )==tAB14k,
( 3, 2, -1, 0,  0, 2, 2 )==tBB14k,
( 3, 2, -1, 0,  1, 1, 1 )==tAA14,
( 3, 2, -1, 0,  1, 1, 2 )==tBA14,
( 3, 2, -1, 0,  1, 2, 1 )==tAB14,
( 3, 2, -1, 0,  1, 2, 2 )==tBB14,
( 3, 2,  0, 0,  0, 1, 1 )==tAA14,
( 3, 2,  0, 0,  0, 1, 2 )==tAB14,
( 3, 2,  0, 0,  0, 2, 1 )==tBA14,
( 3, 2,  0, 0,  0, 2, 2 )==tBB14,
( 3, 2,  0, 0,  1, 1, 1 )==tAA14k,
( 3, 2,  0, 0,  1, 1, 2 )==tAB14k,
( 3, 2,  0, 0,  1, 2, 1 )==tBA14k,
( 3, 2,  0, 0,  1, 2, 2 )==tBB14k,
( 3, 2,  0, 0,  2, 1, 1 )==tAA14ic,
( 3, 2,  0, 0,  2, 1, 2 )==tBA14ic,
( 3, 2,  0, 0,  2, 2, 1 )==tAB14ic,
( 3, 2,  1, 0, -1, 1, 1 )==tAA14ac,
( 3, 2,  1, 0,  0, 1, 1 )==tAA14a,
( 3, 3, -1, 0,  0, 1, 1 )==tAA11a,
( 3, 3, -1, 0,  0, 1, 2 )==tBA11a,
( 3, 3, -1, 0,  0, 2, 1 )==tAB11a,
( 3, 3, -1, 0,  0, 2, 2 )==tBB11a,
( 3, 3, -1, 0,  1, 1, 2 )==tBA11ac,
( 3, 3,  0, 0, -1, 1, 1 )==tAA11c,
( 3, 3,  0, 0, -1, 1, 2 )==tAB11c,
( 3, 3,  0, 0, -1, 2, 1 )==tBA11c,
( 3, 3,  0, 0, -1, 2, 2 )==tBB11c,
( 3, 3,  0, 0,  0, 1, 1 )==eA1,
( 3, 3,  0, 0,  0, 1, 2 )==eAB1,
( 3, 3,  0, 0,  0, 2, 1 )==eAB1,
( 3, 3,  0, 0,  0, 2, 2 )==eB1,
( 3, 3,  0, 0,  1, 1, 1 )==tAA11c,
( 3, 3,  0, 0,  1, 1, 2 )==tBA11c,
( 3, 3,  0, 0,  1, 2, 1 )==tAB11c,
( 3, 3,  0, 0,  1, 2, 2 )==tBB11c,
( 3, 3,  1, 0, -1, 2, 1 )==tBA11ac,
( 3, 3,  1, 0,  0, 1, 1 )==tAA11a,
( 3, 3,  1, 0,  0, 1, 2 )==tAB11a,
( 3, 3,  1, 0,  0, 2, 1 )==tBA11a,
( 3, 3,  1, 0,  0, 2, 2 )==tBB11a,
( 3, 4, -2, 0,  0, 1, 1 )==tAA12a,
( 3, 4, -2, 0,  0, 1, 2 )==tBA12a,
( 3, 4, -2, 0,  0, 2, 1 )==tAB12a,
( 3, 4, -2, 0,  1, 2, 1 )==tAB12ak,
( 3, 4, -1, 0, -1, 1, 1 )==tAA12c,
( 3, 4, -1, 0, -1, 2, 1 )==tAB12c,
( 3, 4, -1, 0,  0, 1, 1 )==tAA12,
( 3, 4, -1, 0,  0, 1, 2 )==tBA12,
( 3, 4, -1, 0,  0, 2, 1 )==tAB12,
( 3, 4, -1, 0,  0, 2, 2 )==tBB12,
( 3, 4, -1, 0,  1, 1, 2 )==tBA12k,
( 3, 4,  0, 0, -1, 1, 1 )==tAA12c,
( 3, 4,  0, 0, -1, 1, 2 )==tAB12c,
( 3, 4,  0, 0,  0, 1, 1 )==tAA12,
( 3, 4,  0, 0,  0, 1, 2 )==tAB12,
( 3, 4,  0, 0,  0, 2, 1 )==tBA12,
( 3, 4,  0, 0,  0, 2, 2 )==tBB12,
( 3, 4,  0, 0,  1, 2, 1 )==tBA12k,
( 3, 4,  1, 0,  0, 1, 1 )==tAA12a,
( 3, 4,  1, 0,  0, 1, 2 )==tAB12a,
( 3, 4,  1, 0,  0, 2, 1 )==tBA12a,
( 3, 4,  1, 0,  1, 1, 2 )==tAB12ak,
( 4, 1, -1, 0, -1, 1, 1 )==tAA14ac,
( 4, 1, -1, 0,  0, 1, 1 )==tAA14a,
( 4, 1,  0, 0,  0, 1, 1 )==tAA14,
( 4, 1,  0, 0,  0, 1, 2 )==tBA14,
( 4, 1,  0, 0,  0, 2, 1 )==tAB14,
( 4, 1,  0, 0,  0, 2, 2 )==tBB14,
( 4, 1,  0, 0,  1, 1, 1 )==tAA14k,
( 4, 1,  0, 0,  1, 1, 2 )==tBA14k,
( 4, 1,  0, 0,  1, 2, 1 )==tAB14k,
( 4, 1,  0, 0,  1, 2, 2 )==tBB14k,
( 4, 1,  0, 0,  2, 1, 1 )==tAA14ic,
( 4, 1,  0, 0,  2, 1, 2 )==tAB14ic,
( 4, 1,  0, 0,  2, 2, 1 )==tBA14ic,
( 4, 1,  1, 0, -1, 1, 1 )==tAA14ic,
( 4, 1,  1, 0, -1, 1, 2 )==tBA14ic,
( 4, 1,  1, 0, -1, 2, 1 )==tAB14ic,
( 4, 1,  1, 0,  0, 1, 1 )==tAA14k,
( 4, 1,  1, 0,  0, 1, 2 )==tAB14k,
( 4, 1,  1, 0,  0, 2, 1 )==tBA14k,
( 4, 1,  1, 0,  0, 2, 2 )==tBB14k,
( 4, 1,  1, 0,  1, 1, 1 )==tAA14,
( 4, 1,  1, 0,  1, 1, 2 )==tAB14,
( 4, 1,  1, 0,  1, 2, 1 )==tBA14,
( 4, 1,  1, 0,  1, 2, 2 )==tBB14,
( 4, 1,  2, 0,  1, 1, 1 )==tAA14a,
( 4, 1,  2, 0,  2, 1, 1 )==tAA14ac,
( 4, 2, -1, 0, -1, 1, 1 )==tAA13akk,
( 4, 2, -1, 0, -1, 1, 2 )==tBA13akk,
( 4, 2, -1, 0, -1, 2, 2 )==tBB13akk,
( 4, 2, -1, 0,  1, 1, 1 )==tAA13a,
( 4, 2, -1, 0,  1, 2, 1 )==tAB13a,
( 4, 2, -1, 0,  2, 1, 1 )==tAA13ac,
( 4, 2, -1, 0,  2, 2, 1 )==tAB13ac,
( 4, 2,  0, 0, -1, 1, 1 )==tAA13kk,
( 4, 2,  0, 0, -1, 1, 2 )==tAB13kk,
( 4, 2,  0, 0, -1, 2, 1 )==tAB13kk,
( 4, 2,  0, 0, -1, 2, 2 )==tBB13kk,
( 4, 2,  0, 0,  0, 1, 1 )==tAA13k,
( 4, 2,  0, 0,  0, 1, 2 )==tAB13k,
( 4, 2,  0, 0,  0, 2, 1 )==tAB13k,
( 4, 2,  0, 0,  0, 2, 2 )==tBB13k,
( 4, 2,  0, 0,  1, 1, 1 )==tAA13,
( 4, 2,  0, 0,  1, 1, 2 )==tAB13,
( 4, 2,  0, 0,  1, 2, 1 )==tAB13,
( 4, 2,  0, 0,  1, 2, 2 )==tBB13,
( 4, 2,  0, 0,  2, 1, 1 )==tAA13c,
( 4, 2,  0, 0,  2, 1, 2 )==tAB13c,
( 4, 2,  0, 0,  2, 2, 1 )==tAB13c,
( 4, 2,  0, 0,  2, 2, 2 )==tBB13c,
( 4, 2,  1, 0, -1, 1, 1 )==tAA13akk,
( 4, 2,  1, 0, -1, 2, 1 )==tBA13akk,
( 4, 2,  1, 0, -1, 2, 2 )==tBB13akk,
( 4, 2,  1, 0,  1, 1, 1 )==tAA13a,
( 4, 2,  1, 0,  1, 1, 2 )==tAB13a,
( 4, 2,  1, 0,  2, 1, 1 )==tAA13ac,
( 4, 2,  1, 0,  2, 1, 2 )==tAB13ac,
( 4, 3, -1, 0, -1, 2, 1 )==tAB12ak,
( 4, 3, -1, 0,  0, 1, 1 )==tAA12a,
( 4, 3, -1, 0,  0, 1, 2 )==tBA12a,
( 4, 3, -1, 0,  0, 2, 1 )==tAB12a,
( 4, 3,  0, 0, -1, 1, 2 )==tBA12k,
( 4, 3,  0, 0,  0, 1, 1 )==tAA12,
( 4, 3,  0, 0,  0, 1, 2 )==tBA12,
( 4, 3,  0, 0,  0, 2, 1 )==tAB12,
( 4, 3,  0, 0,  0, 2, 2 )==tBB12,
( 4, 3,  0, 0,  1, 1, 1 )==tAA12c,
( 4, 3,  0, 0,  1, 2, 1 )==tAB12c,
( 4, 3,  1, 0, -1, 2, 1 )==tBA12k,
( 4, 3,  1, 0,  0, 1, 1 )==tAA12,
( 4, 3,  1, 0,  0, 1, 2 )==tAB12,
( 4, 3,  1, 0,  0, 2, 1 )==tBA12,
( 4, 3,  1, 0,  0, 2, 2 )==tBB12,
( 4, 3,  1, 0,  1, 1, 1 )==tAA12c,
( 4, 3,  1, 0,  1, 1, 2 )==tAB12c,
( 4, 3,  2, 0, -1, 1, 2 )==tAB12ak,
( 4, 3,  2, 0,  0, 1, 1 )==tAA12a,
( 4, 3,  2, 0,  0, 1, 2 )==tAB12a,
( 4, 3,  2, 0,  0, 2, 1 )==tBA12a,
( 4, 4, -1, 0, -1, 1, 2 )==tBA11ac,
( 4, 4, -1, 0,  0, 1, 1 )==tAA11a,
( 4, 4, -1, 0,  0, 1, 2 )==tBA11a,
( 4, 4, -1, 0,  0, 2, 1 )==tAB11a,
( 4, 4, -1, 0,  0, 2, 2 )==tBB11a,
( 4, 4,  0, 0, -1, 1, 1 )==tAA11c,
( 4, 4,  0, 0, -1, 1, 2 )==tBA11c,
( 4, 4,  0, 0, -1, 2, 1 )==tAB11c,
( 4, 4,  0, 0, -1, 2, 2 )==tBB11c,
( 4, 4,  0, 0,  0, 1, 1 )==eA1,
( 4, 4,  0, 0,  0, 1, 2 )==eAB1,
( 4, 4,  0, 0,  0, 2, 1 )==eAB1,
( 4, 4,  0, 0,  0, 2, 2 )==eB1,
( 4, 4,  0, 0,  1, 1, 1 )==tAA11c,
( 4, 4,  0, 0,  1, 1, 2 )==tAB11c,
( 4, 4,  0, 0,  1, 2, 1 )==tBA11c,
( 4, 4,  0, 0,  1, 2, 2 )==tBB11c,
( 4, 4,  1, 0,  0, 1, 1 )==tAA11a,
( 4, 4,  1, 0,  0, 1, 2 )==tAB11a,
( 4, 4,  1, 0,  0, 2, 1 )==tBA11a,
( 4, 4,  1, 0,  0, 2, 2 )==tBB11a,
( 4, 4,  1, 0,  1, 2, 1 )==tBA11ac,
NULL]
