eunit=meV, punit=GPa

N=24, ZPE=40.76 meV/mode, F(300K)=45.54 meV/mode

-0.13,-0.10,-0.03,10.56,27.03,30.42,35.47,42.58,48.77 .. 166,171,184 meV

-0.13,-0.10,-0.03,10.56,27.03,30.42,35.47,42.58,48.77,57.36,68.84,74.02,75.73,82.86,87.25,97.76,100.84,122.35,149.22,159.09,165.22,166.20,170.88,183.82

 XX 565.258
 YY   6.904  22.435
 ZZ   1.887   8.976  18.150
 XY  -5.595   2.603  -0.488  14.724
 YZ  -2.263  -3.325   0.238  -2.382   7.653
 ZX   1.830  -1.840   1.047  -3.398   0.659   3.001
       XX      YY      ZZ      XY      YZ      ZX

      1.847   6.246  10.378  17.245  30.080 565.424
 XX  -0.002   0.003  -0.011   0.008  -0.011  -1.000
 YY   0.118   0.267   0.525   0.125   0.789  -0.013
 ZZ  -0.120  -0.203  -0.630  -0.461   0.579  -0.004
 XY   0.234   0.110  -0.525   0.797   0.151   0.010
 YZ   0.060   0.924  -0.228  -0.272  -0.127   0.004
 ZX   0.956  -0.143  -0.002  -0.252  -0.054  -0.003

K=14.024, GR=5.059, GV=5.709

false pressure=0.005, external pressure by components:
     -3.775  -2.217  -0.520   0.329   0.979  -0.123
      4.162   2.424   0.555  -0.281  -0.973   0.144
