eunit=meV, punit=GPa

Translations: 3,4,5 Imaginary: 1,2

N=156, ZPE=62.50 meV/mode, F(300K)=67.52 meV/mode

-3.51,-2.44,-0.72,-0.23,1.49,1.62,3.70,4.08,6.48 .. 377,377,377 meV

-3.51,-2.44,-0.72,-0.23,1.49,1.62,3.70,4.08,6.48,8.42,11.82,12.05,12.92,13.61,14.33,14.36,14.39,15.01,15.71,15.89,16.50,17.07,18.63,21.00,25.78,25.95,29.07,31.03,37.46,37.96,39.52,39.76,40.79,41.24,42.14,42.54,47.69,47.86,50.90,51.92,52.13,52.76,53.85,53.96,54.09,54.26,58.78,58.81,61.13,62.45,63.13,63.33,67.39,67.47,68.04,68.20,70.54,70.61,74.16,75.26,80.71,81.10,83.44,83.99,84.05,84.17,96.99,97.05,102.72,102.73,103.85,104.10,105.91,106.00,106.07,106.11,111.26,111.76,116.47,116.64,118.26,118.63,120.53,120.79,123.25,123.49,127.48,128.04,131.30,132.63,133.90,134.11,134.41,134.43,136.28,137.40,137.43,137.48,140.99,141.12,151.67,151.78,151.81,151.82,152.39,152.96,154.80,154.88,155.19,155.34,160.33,160.57,164.89,165.23,165.26,165.68,165.85,166.12,168.53,168.55,175.05,175.74,177.19,177.39,177.88,178.05,178.14,178.47,179.25,179.34,179.40,179.49,183.04,183.61,188.12,188.67,188.76,189.08,197.66,197.91,365.98,366.06,366.21,366.27,367.02,367.06,367.19,367.20,376.38,376.39,376.51,376.52,376.56,376.58,376.60,376.63

 XX  76.835
 YY   0.667   0.671
 ZZ  -0.895   0.108   4.937
 XY   0.000  -0.000  -0.000   0.116
 YZ   0.000  -0.000  -0.000   0.000  -0.231
 ZX   0.000   0.000   0.000   0.000   0.000  -0.443
       XX      YY      ZZ      XY      YZ      ZX

     -0.443  -0.231   0.116   0.662   4.929  76.852
 XX   0.000   0.000   0.000  -0.009  -0.012  -1.000
 YY   0.000   0.000   0.000   1.000  -0.027  -0.009
 ZZ   0.000   0.000   0.000  -0.027  -1.000   0.012
 XY   0.000   0.000   1.000   0.000  -0.000   0.000
 YZ   0.000   1.000   0.000   0.000  -0.000   0.000
 ZX   1.000   0.000   0.000   0.000  -0.000   0.000

K=0.612, GR=1.144, GV=1.235

false pressure=-0.007, external pressure by components:
     -0.865  -0.973  -0.217   0.004  -0.012  -0.006
      0.939   1.044   0.222   0.004  -0.012  -0.006
