eunit=meV, punit=GPa

Translations: 2,3,4 Imaginary: 1

N=156, ZPE=62.59 meV/mode, F(300K)=67.53 meV/mode

-1.24,-1.11,-0.91,-0.55,1.93,5.38,8.12,8.65,8.67 .. 377,377,377 meV

-1.24,-1.11,-0.91,-0.55,1.93,5.38,8.12,8.65,8.67,10.69,12.19,12.82,13.77,13.81,15.15,15.27,15.94,16.05,16.20,16.89,17.86,18.39,18.40,20.82,25.56,25.92,30.68,31.87,37.61,37.77,39.60,39.99,40.82,41.94,43.45,43.59,47.55,47.57,51.91,52.01,52.43,52.67,54.11,54.17,54.18,54.23,58.51,58.53,61.62,62.39,63.14,63.40,67.60,67.69,68.31,68.72,70.56,70.61,73.94,74.52,80.97,81.11,83.63,83.81,84.46,84.73,97.01,97.04,102.79,102.91,103.70,104.02,105.69,105.86,106.17,106.24,111.21,111.69,116.59,116.66,118.28,118.58,120.55,120.61,123.26,123.52,127.40,128.02,131.22,132.50,134.03,134.16,134.28,134.33,135.66,137.26,137.32,137.32,141.02,141.25,151.35,151.47,151.70,151.71,151.75,153.17,154.74,154.78,155.24,155.38,160.24,160.55,164.88,165.09,165.19,165.70,165.85,166.07,168.56,168.66,174.63,175.45,176.03,176.87,177.67,177.68,178.00,178.06,178.51,179.12,179.18,179.71,183.81,184.25,187.73,187.73,187.98,188.21,197.04,197.14,365.73,365.75,365.98,366.03,367.79,367.80,367.90,367.90,376.23,376.23,376.31,376.34,377.29,377.29,377.36,377.40

 XX  78.435
 YY   0.130  -0.843
 ZZ  -0.343  -0.145   4.884
 XY   0.000   0.000  -0.000  -0.160
 YZ  -0.292   0.248   0.737   0.000   0.577
 ZX   0.000   0.000   0.000  -0.228   0.000   0.598
       XX      YY      ZZ      XY      YZ      ZX

     -0.898  -0.224   0.507   0.662   5.006  78.438
 XX   0.002   0.000  -0.003   0.000   0.005  -1.000
 YY  -0.981   0.000  -0.195   0.000  -0.017  -0.002
 ZZ  -0.049   0.000   0.156   0.000   0.986   0.005
 XY   0.000  -0.963   0.000  -0.268   0.000   0.000
 YZ   0.190   0.000  -0.968   0.000   0.163   0.004
 ZX   0.000  -0.268   0.000   0.963   0.000   0.000

K=-1.032, GR=-2.515, GV=-2.520

false pressure=-0.007, external pressure by components:
     -0.878  -0.962  -0.240   0.004   0.113  -0.005
      0.952   1.030   0.247   0.004  -0.137  -0.005
