eunit=meV, punit=GPa

N=156, ZPE=62.60 meV/mode, F(300K)=67.70 meV/mode

-0.52,-0.48,-0.35,2.00,2.79,4.36,6.45,8.49,8.54 .. 377,377,377 meV

-0.52,-0.48,-0.35,2.00,2.79,4.36,6.45,8.49,8.54,10.86,12.25,12.81,14.05,14.36,14.95,15.00,15.93,15.94,16.70,16.71,17.68,17.82,18.32,20.27,25.76,25.78,30.36,31.33,37.37,37.87,39.82,40.30,40.44,41.62,43.12,43.18,47.76,47.82,51.84,51.93,52.38,52.43,54.06,54.07,54.21,54.25,58.60,58.61,61.10,62.07,63.44,63.50,67.34,67.35,68.21,68.53,70.49,70.54,73.80,74.57,80.79,80.81,83.43,83.55,84.41,84.64,97.04,97.10,102.87,102.95,103.83,104.11,105.70,105.81,106.38,106.48,111.27,111.74,116.70,116.79,118.44,118.68,120.51,120.62,123.30,123.59,127.57,128.11,131.29,132.61,134.03,134.29,134.49,134.52,135.80,137.40,137.42,137.53,141.04,141.26,151.47,151.62,151.82,151.83,151.89,153.38,154.85,154.86,155.31,155.45,160.35,160.66,164.96,165.17,165.25,165.58,165.77,166.18,168.67,168.75,174.63,175.44,176.17,177.07,177.44,177.73,177.80,178.52,178.60,178.91,179.48,180.02,184.14,184.59,187.65,187.69,188.14,188.33,197.06,197.17,366.14,366.18,366.45,366.51,367.53,367.54,367.55,367.55,376.13,376.13,376.28,376.32,377.06,377.06,377.14,377.18

 XX  77.931
 YY  -0.331   0.359
 ZZ  -0.264  -0.275   5.344
 XY   0.000  -0.000   0.000  -0.516
 YZ  -0.000  -0.000  -0.000   0.000  -0.262
 ZX  -0.000   0.000   0.000  -0.000   0.000   0.542
       XX      YY      ZZ      XY      YZ      ZX

     -0.516  -0.262   0.342   0.542   5.358  77.933
 XX   0.000   0.000   0.004   0.000   0.003  -1.000
 YY   0.000   0.000   0.998   0.000  -0.055   0.004
 ZZ   0.000   0.000   0.055   0.000   0.998   0.004
 XY   1.000   0.000   0.000   0.000   0.000  -0.000
 YZ   0.000   1.000   0.000   0.000   0.000  -0.000
 ZX   0.000   0.000   0.000   1.000   0.000  -0.000

K=0.290, GR=125.003, GV=-0.258

false pressure=0.006, external pressure by components:
     -0.875  -0.976  -0.210   0.017  -0.001   0.006
      0.975   1.072   0.241   0.017  -0.001   0.006
