eunit=meV, punit=GPa

Translations: 3,4,5 Imaginary: 1,2

N=156, ZPE=62.49 meV/mode, F(300K)=67.51 meV/mode

-3.88,-2.19,-0.64,-0.34,0.64,2.64,5.87,6.40,8.69 .. 377,377,377 meV

-3.88,-2.19,-0.64,-0.34,0.64,2.64,5.87,6.40,8.69,9.64,10.87,12.04,13.04,13.17,13.63,13.67,14.44,14.80,15.54,16.03,16.28,17.70,18.12,21.40,25.46,25.84,29.40,30.91,37.31,37.36,39.01,39.13,40.58,40.70,41.72,42.01,47.50,47.61,50.98,51.84,51.95,52.67,53.64,53.68,53.85,54.10,58.59,58.60,61.09,61.87,62.86,62.92,67.24,67.35,67.62,67.77,70.41,70.52,74.02,74.90,80.82,81.19,83.68,83.83,83.97,84.16,96.91,96.94,102.35,102.36,103.55,103.96,105.64,105.77,105.88,105.96,111.39,111.85,116.25,116.35,118.01,118.37,120.63,120.79,123.10,123.29,127.17,127.66,131.36,132.64,133.71,133.92,134.04,134.10,136.20,137.03,137.43,137.65,141.17,141.40,151.81,151.87,151.89,151.89,152.35,152.89,154.86,154.91,155.24,155.36,160.33,160.57,164.85,165.37,165.76,166.00,166.18,166.35,168.61,168.76,175.04,175.47,176.97,177.18,177.69,177.74,177.77,178.19,179.11,179.27,179.47,179.99,183.22,183.71,188.21,188.54,188.60,189.25,197.53,197.70,364.53,364.58,364.60,364.66,369.02,369.02,369.05,369.08,376.50,376.51,376.61,376.65,377.01,377.01,377.11,377.12

 XX  75.335
 YY   0.513  -0.058
 ZZ  -0.316   0.033   2.964
 XY   0.000   0.000  -0.000  -0.484
 YZ  -0.017  -0.176  -0.267  -0.000   0.229
 ZX  -0.000  -0.000  -0.000   0.055   0.000  -0.200
       XX      YY      ZZ      XY      YZ      ZX

     -0.494  -0.190  -0.147   0.287   2.989  75.340
 XX  -0.000   0.000   0.006  -0.004  -0.004  -1.000
 YY  -0.000   0.000  -0.898   0.440  -0.017  -0.007
 ZZ  -0.000   0.000  -0.028  -0.095  -0.995   0.004
 XY   0.983  -0.185   0.000   0.000   0.000   0.000
 YZ   0.000   0.000  -0.440  -0.893   0.097   0.000
 ZX  -0.185  -0.983   0.000   0.000   0.000  -0.000

K=-0.200, GR=-0.438, GV=-0.452

false pressure=-0.003, external pressure by components:
     -0.844  -0.912  -0.252   0.007   0.171  -0.002
      0.925   0.984   0.265   0.007  -0.184  -0.002
