# Effective 2-orbital Hamiltonian for pistack-abH
SG=pbaaxz
orbs=[[1,2,3,4]]
M=Matrix(3,3,[
a,0,0,
0,b,0,
0,0,c])
P=Matrix(3,4,[
1/4,3/4,1/4,3/4,
y,-y,-y,y,
0,0,1/2,1/2])
geoparams=[
"pistack-abH_PBE-D3paw900"==[ a=7.841189, b=20, c=7.136116, y=0.121555],
NULL]
params=[
 # dimer+NN approximation
"pistack-abH_PBE-D3paw900_CAM-B3LYPp2p_h"      ==[ E0=-6.657311, eB1=-0.051969, tAA12=-1.077068, tAB12=-0.125681, tBB12=0.050939, tAA14=-0.011220, tAB14=-0.010353, tBA14=0.014830, tAA13=-0.242670, tAB13=-0.014987, tBB13=0.302497, tAA11c=0.010933, tBB11c=0.015654, tAA11a=0.101438, tBB11a=0.001684, tAA13a=0.031180, tAB13a=0.006569, tBA13a=-0.006214, tAA12c=0.005503, tAA12ic=0.007760, tBB12ic=0.001245, tAA11ak=0.002810, tAB11ak=0.001488, tAA12a=-0.045623, tAB12a=-0.009818, tBB12a=0.002062, tAA14a=0.001791, tAA12ak=0.001287],
 # dimer approximation
"pistack-abH_PBE-D3paw900_CAM-B3LYPp2p_h_dimer"==[ E0=-7.121211, eB1=-0.031015, tAA12=-1.080645, tAB12=-0.121670, tBB12=0.049490, tAA14=-0.009457, tAB14=-0.010572, tBA14=0.014417, tBB14=-0.001146, tAA13=-0.239826, tAB13=-0.015244, tBB13=0.298298, tAA11a=0.102937, tAB11a=-0.002936, tBB11a=0.002380, tAA13a=0.031864, tAB13a=0.006242, tBA13a=-0.006295, tAA12a=-0.044600, tAB12a=-0.009163, tBB12a=0.001814, tAA14a=0.002301],
NULL]
H=[
( 1, 1, -1, 0,  0, 1, 1 )==tAA11a,
( 1, 1, -1, 0,  0, 1, 2 )==-tAB11a,
( 1, 1, -1, 0,  0, 2, 1 )==tAB11a,
( 1, 1, -1, 0,  0, 2, 2 )==tBB11a,
( 1, 1, -1, 0,  1, 1, 1 )==tAA11ak,
( 1, 1, -1, 0,  1, 1, 2 )==-tAB11ak,
( 1, 1, -1, 0,  1, 2, 1 )==tAB11ak,
( 1, 1,  0, 0, -1, 1, 1 )==tAA11c,
( 1, 1,  0, 0, -1, 1, 2 )==-tAB11c,
( 1, 1,  0, 0, -1, 2, 1 )==tAB11c,
( 1, 1,  0, 0, -1, 2, 2 )==tBB11c,
( 1, 1,  0, 0,  0, 1, 1 )==eA1,
( 1, 1,  0, 0,  0, 1, 2 )==eAB1,
( 1, 1,  0, 0,  0, 2, 1 )==eAB1,
( 1, 1,  0, 0,  0, 2, 2 )==eB1,
( 1, 1,  0, 0,  1, 1, 1 )==tAA11c,
( 1, 1,  0, 0,  1, 1, 2 )==tAB11c,
( 1, 1,  0, 0,  1, 2, 1 )==-tAB11c,
( 1, 1,  0, 0,  1, 2, 2 )==tBB11c,
( 1, 1,  1, 0, -1, 1, 1 )==tAA11ak,
( 1, 1,  1, 0, -1, 1, 2 )==tAB11ak,
( 1, 1,  1, 0, -1, 2, 1 )==-tAB11ak,
( 1, 1,  1, 0,  0, 1, 1 )==tAA11a,
( 1, 1,  1, 0,  0, 1, 2 )==tAB11a,
( 1, 1,  1, 0,  0, 2, 1 )==-tAB11a,
( 1, 1,  1, 0,  0, 2, 2 )==tBB11a,
( 1, 2, -2, 0,  0, 1, 1 )==tAA12a,
( 1, 2, -2, 0,  0, 1, 2 )==-tAB12a,
( 1, 2, -2, 0,  0, 2, 1 )==tAB12a,
( 1, 2, -2, 0,  0, 2, 2 )==tBB12a,
( 1, 2, -2, 0,  1, 1, 1 )==tAA12ak,
( 1, 2, -1, 0, -1, 1, 1 )==tAA12c,
( 1, 2, -1, 0,  0, 1, 1 )==tAA12,
( 1, 2, -1, 0,  0, 1, 2 )==-tAB12,
( 1, 2, -1, 0,  0, 2, 1 )==tAB12,
( 1, 2, -1, 0,  0, 2, 2 )==tBB12,
( 1, 2, -1, 0,  1, 1, 1 )==tAA12ic,
( 1, 2, -1, 0,  1, 2, 2 )==tBB12ic,
( 1, 2,  0, 0, -1, 1, 1 )==tAA12ic,
( 1, 2,  0, 0, -1, 2, 2 )==tBB12ic,
( 1, 2,  0, 0,  0, 1, 1 )==tAA12,
( 1, 2,  0, 0,  0, 1, 2 )==tAB12,
( 1, 2,  0, 0,  0, 2, 1 )==-tAB12,
( 1, 2,  0, 0,  0, 2, 2 )==tBB12,
( 1, 2,  0, 0,  1, 1, 1 )==tAA12c,
( 1, 2,  1, 0, -1, 1, 1 )==tAA12ak,
( 1, 2,  1, 0,  0, 1, 1 )==tAA12a,
( 1, 2,  1, 0,  0, 1, 2 )==tAB12a,
( 1, 2,  1, 0,  0, 2, 1 )==-tAB12a,
( 1, 2,  1, 0,  0, 2, 2 )==tBB12a,
( 1, 3, -1, 0, -1, 1, 1 )==tAA13a,
( 1, 3, -1, 0, -1, 1, 2 )==-tAB13a,
( 1, 3, -1, 0, -1, 2, 1 )==-tBA13a,
( 1, 3, -1, 0,  0, 1, 1 )==tAA13a,
( 1, 3, -1, 0,  0, 1, 2 )==tBA13a,
( 1, 3, -1, 0,  0, 2, 1 )==tAB13a,
( 1, 3,  0, 0, -1, 1, 1 )==tAA13,
( 1, 3,  0, 0, -1, 1, 2 )==-tAB13,
( 1, 3,  0, 0, -1, 2, 1 )==-tAB13,
( 1, 3,  0, 0, -1, 2, 2 )==tBB13,
( 1, 3,  0, 0,  0, 1, 1 )==tAA13,
( 1, 3,  0, 0,  0, 1, 2 )==tAB13,
( 1, 3,  0, 0,  0, 2, 1 )==tAB13,
( 1, 3,  0, 0,  0, 2, 2 )==tBB13,
( 1, 3,  1, 0, -1, 1, 1 )==tAA13a,
( 1, 3,  1, 0, -1, 1, 2 )==-tBA13a,
( 1, 3,  1, 0, -1, 2, 1 )==-tAB13a,
( 1, 3,  1, 0,  0, 1, 1 )==tAA13a,
( 1, 3,  1, 0,  0, 1, 2 )==tAB13a,
( 1, 3,  1, 0,  0, 2, 1 )==tBA13a,
( 1, 4, -2, 0, -1, 1, 1 )==tAA14a,
( 1, 4, -2, 0,  0, 1, 1 )==tAA14a,
( 1, 4, -1, 0, -1, 1, 1 )==tAA14,
( 1, 4, -1, 0, -1, 1, 2 )==-tAB14,
( 1, 4, -1, 0, -1, 2, 1 )==-tBA14,
( 1, 4, -1, 0, -1, 2, 2 )==tBB14,
( 1, 4, -1, 0,  0, 1, 1 )==tAA14,
( 1, 4, -1, 0,  0, 1, 2 )==tBA14,
( 1, 4, -1, 0,  0, 2, 1 )==tAB14,
( 1, 4, -1, 0,  0, 2, 2 )==tBB14,
( 1, 4,  0, 0, -1, 1, 1 )==tAA14,
( 1, 4,  0, 0, -1, 1, 2 )==-tBA14,
( 1, 4,  0, 0, -1, 2, 1 )==-tAB14,
( 1, 4,  0, 0, -1, 2, 2 )==tBB14,
( 1, 4,  0, 0,  0, 1, 1 )==tAA14,
( 1, 4,  0, 0,  0, 1, 2 )==tAB14,
( 1, 4,  0, 0,  0, 2, 1 )==tBA14,
( 1, 4,  0, 0,  0, 2, 2 )==tBB14,
( 1, 4,  1, 0, -1, 1, 1 )==tAA14a,
( 1, 4,  1, 0,  0, 1, 1 )==tAA14a,
( 2, 1, -1, 0,  0, 1, 1 )==tAA12a,
( 2, 1, -1, 0,  0, 1, 2 )==-tAB12a,
( 2, 1, -1, 0,  0, 2, 1 )==tAB12a,
( 2, 1, -1, 0,  0, 2, 2 )==tBB12a,
( 2, 1, -1, 0,  1, 1, 1 )==tAA12ak,
( 2, 1,  0, 0, -1, 1, 1 )==tAA12c,
( 2, 1,  0, 0,  0, 1, 1 )==tAA12,
( 2, 1,  0, 0,  0, 1, 2 )==-tAB12,
( 2, 1,  0, 0,  0, 2, 1 )==tAB12,
( 2, 1,  0, 0,  0, 2, 2 )==tBB12,
( 2, 1,  0, 0,  1, 1, 1 )==tAA12ic,
( 2, 1,  0, 0,  1, 2, 2 )==tBB12ic,
( 2, 1,  1, 0, -1, 1, 1 )==tAA12ic,
( 2, 1,  1, 0, -1, 2, 2 )==tBB12ic,
( 2, 1,  1, 0,  0, 1, 1 )==tAA12,
( 2, 1,  1, 0,  0, 1, 2 )==tAB12,
( 2, 1,  1, 0,  0, 2, 1 )==-tAB12,
( 2, 1,  1, 0,  0, 2, 2 )==tBB12,
( 2, 1,  1, 0,  1, 1, 1 )==tAA12c,
( 2, 1,  2, 0, -1, 1, 1 )==tAA12ak,
( 2, 1,  2, 0,  0, 1, 1 )==tAA12a,
( 2, 1,  2, 0,  0, 1, 2 )==tAB12a,
( 2, 1,  2, 0,  0, 2, 1 )==-tAB12a,
( 2, 1,  2, 0,  0, 2, 2 )==tBB12a,
( 2, 2, -1, 0,  0, 1, 1 )==tAA11a,
( 2, 2, -1, 0,  0, 1, 2 )==-tAB11a,
( 2, 2, -1, 0,  0, 2, 1 )==tAB11a,
( 2, 2, -1, 0,  0, 2, 2 )==tBB11a,
( 2, 2, -1, 0,  1, 1, 1 )==tAA11ak,
( 2, 2, -1, 0,  1, 1, 2 )==-tAB11ak,
( 2, 2, -1, 0,  1, 2, 1 )==tAB11ak,
( 2, 2,  0, 0, -1, 1, 1 )==tAA11c,
( 2, 2,  0, 0, -1, 1, 2 )==-tAB11c,
( 2, 2,  0, 0, -1, 2, 1 )==tAB11c,
( 2, 2,  0, 0, -1, 2, 2 )==tBB11c,
( 2, 2,  0, 0,  0, 1, 1 )==eA1,
( 2, 2,  0, 0,  0, 1, 2 )==-eAB1,
( 2, 2,  0, 0,  0, 2, 1 )==-eAB1,
( 2, 2,  0, 0,  0, 2, 2 )==eB1,
( 2, 2,  0, 0,  1, 1, 1 )==tAA11c,
( 2, 2,  0, 0,  1, 1, 2 )==tAB11c,
( 2, 2,  0, 0,  1, 2, 1 )==-tAB11c,
( 2, 2,  0, 0,  1, 2, 2 )==tBB11c,
( 2, 2,  1, 0, -1, 1, 1 )==tAA11ak,
( 2, 2,  1, 0, -1, 1, 2 )==tAB11ak,
( 2, 2,  1, 0, -1, 2, 1 )==-tAB11ak,
( 2, 2,  1, 0,  0, 1, 1 )==tAA11a,
( 2, 2,  1, 0,  0, 1, 2 )==tAB11a,
( 2, 2,  1, 0,  0, 2, 1 )==-tAB11a,
( 2, 2,  1, 0,  0, 2, 2 )==tBB11a,
( 2, 3, -1, 0, -1, 1, 1 )==tAA14a,
( 2, 3, -1, 0,  0, 1, 1 )==tAA14a,
( 2, 3,  0, 0, -1, 1, 1 )==tAA14,
( 2, 3,  0, 0, -1, 1, 2 )==-tAB14,
( 2, 3,  0, 0, -1, 2, 1 )==-tBA14,
( 2, 3,  0, 0, -1, 2, 2 )==tBB14,
( 2, 3,  0, 0,  0, 1, 1 )==tAA14,
( 2, 3,  0, 0,  0, 1, 2 )==tBA14,
( 2, 3,  0, 0,  0, 2, 1 )==tAB14,
( 2, 3,  0, 0,  0, 2, 2 )==tBB14,
( 2, 3,  1, 0, -1, 1, 1 )==tAA14,
( 2, 3,  1, 0, -1, 1, 2 )==-tBA14,
( 2, 3,  1, 0, -1, 2, 1 )==-tAB14,
( 2, 3,  1, 0, -1, 2, 2 )==tBB14,
( 2, 3,  1, 0,  0, 1, 1 )==tAA14,
( 2, 3,  1, 0,  0, 1, 2 )==tAB14,
( 2, 3,  1, 0,  0, 2, 1 )==tBA14,
( 2, 3,  1, 0,  0, 2, 2 )==tBB14,
( 2, 3,  2, 0, -1, 1, 1 )==tAA14a,
( 2, 3,  2, 0,  0, 1, 1 )==tAA14a,
( 2, 4, -1, 0, -1, 1, 1 )==tAA13a,
( 2, 4, -1, 0, -1, 1, 2 )==-tAB13a,
( 2, 4, -1, 0, -1, 2, 1 )==-tBA13a,
( 2, 4, -1, 0,  0, 1, 1 )==tAA13a,
( 2, 4, -1, 0,  0, 1, 2 )==tBA13a,
( 2, 4, -1, 0,  0, 2, 1 )==tAB13a,
( 2, 4,  0, 0, -1, 1, 1 )==tAA13,
( 2, 4,  0, 0, -1, 1, 2 )==-tAB13,
( 2, 4,  0, 0, -1, 2, 1 )==-tAB13,
( 2, 4,  0, 0, -1, 2, 2 )==tBB13,
( 2, 4,  0, 0,  0, 1, 1 )==tAA13,
( 2, 4,  0, 0,  0, 1, 2 )==tAB13,
( 2, 4,  0, 0,  0, 2, 1 )==tAB13,
( 2, 4,  0, 0,  0, 2, 2 )==tBB13,
( 2, 4,  1, 0, -1, 1, 1 )==tAA13a,
( 2, 4,  1, 0, -1, 1, 2 )==-tBA13a,
( 2, 4,  1, 0, -1, 2, 1 )==-tAB13a,
( 2, 4,  1, 0,  0, 1, 1 )==tAA13a,
( 2, 4,  1, 0,  0, 1, 2 )==tAB13a,
( 2, 4,  1, 0,  0, 2, 1 )==tBA13a,
( 3, 1, -1, 0,  0, 1, 1 )==tAA13a,
( 3, 1, -1, 0,  0, 1, 2 )==tBA13a,
( 3, 1, -1, 0,  0, 2, 1 )==tAB13a,
( 3, 1, -1, 0,  1, 1, 1 )==tAA13a,
( 3, 1, -1, 0,  1, 1, 2 )==-tAB13a,
( 3, 1, -1, 0,  1, 2, 1 )==-tBA13a,
( 3, 1,  0, 0,  0, 1, 1 )==tAA13,
( 3, 1,  0, 0,  0, 1, 2 )==tAB13,
( 3, 1,  0, 0,  0, 2, 1 )==tAB13,
( 3, 1,  0, 0,  0, 2, 2 )==tBB13,
( 3, 1,  0, 0,  1, 1, 1 )==tAA13,
( 3, 1,  0, 0,  1, 1, 2 )==-tAB13,
( 3, 1,  0, 0,  1, 2, 1 )==-tAB13,
( 3, 1,  0, 0,  1, 2, 2 )==tBB13,
( 3, 1,  1, 0,  0, 1, 1 )==tAA13a,
( 3, 1,  1, 0,  0, 1, 2 )==tAB13a,
( 3, 1,  1, 0,  0, 2, 1 )==tBA13a,
( 3, 1,  1, 0,  1, 1, 1 )==tAA13a,
( 3, 1,  1, 0,  1, 1, 2 )==-tBA13a,
( 3, 1,  1, 0,  1, 2, 1 )==-tAB13a,
( 3, 2, -2, 0,  0, 1, 1 )==tAA14a,
( 3, 2, -2, 0,  1, 1, 1 )==tAA14a,
( 3, 2, -1, 0,  0, 1, 1 )==tAA14,
( 3, 2, -1, 0,  0, 1, 2 )==tBA14,
( 3, 2, -1, 0,  0, 2, 1 )==tAB14,
( 3, 2, -1, 0,  0, 2, 2 )==tBB14,
( 3, 2, -1, 0,  1, 1, 1 )==tAA14,
( 3, 2, -1, 0,  1, 1, 2 )==-tAB14,
( 3, 2, -1, 0,  1, 2, 1 )==-tBA14,
( 3, 2, -1, 0,  1, 2, 2 )==tBB14,
( 3, 2,  0, 0,  0, 1, 1 )==tAA14,
( 3, 2,  0, 0,  0, 1, 2 )==tAB14,
( 3, 2,  0, 0,  0, 2, 1 )==tBA14,
( 3, 2,  0, 0,  0, 2, 2 )==tBB14,
( 3, 2,  0, 0,  1, 1, 1 )==tAA14,
( 3, 2,  0, 0,  1, 1, 2 )==-tBA14,
( 3, 2,  0, 0,  1, 2, 1 )==-tAB14,
( 3, 2,  0, 0,  1, 2, 2 )==tBB14,
( 3, 2,  1, 0,  0, 1, 1 )==tAA14a,
( 3, 2,  1, 0,  1, 1, 1 )==tAA14a,
( 3, 3, -1, 0, -1, 1, 1 )==tAA11ak,
( 3, 3, -1, 0, -1, 1, 2 )==-tAB11ak,
( 3, 3, -1, 0, -1, 2, 1 )==tAB11ak,
( 3, 3, -1, 0,  0, 1, 1 )==tAA11a,
( 3, 3, -1, 0,  0, 1, 2 )==-tAB11a,
( 3, 3, -1, 0,  0, 2, 1 )==tAB11a,
( 3, 3, -1, 0,  0, 2, 2 )==tBB11a,
( 3, 3,  0, 0, -1, 1, 1 )==tAA11c,
( 3, 3,  0, 0, -1, 1, 2 )==tAB11c,
( 3, 3,  0, 0, -1, 2, 1 )==-tAB11c,
( 3, 3,  0, 0, -1, 2, 2 )==tBB11c,
( 3, 3,  0, 0,  0, 1, 1 )==eA1,
( 3, 3,  0, 0,  0, 1, 2 )==eAB1,
( 3, 3,  0, 0,  0, 2, 1 )==eAB1,
( 3, 3,  0, 0,  0, 2, 2 )==eB1,
( 3, 3,  0, 0,  1, 1, 1 )==tAA11c,
( 3, 3,  0, 0,  1, 1, 2 )==-tAB11c,
( 3, 3,  0, 0,  1, 2, 1 )==tAB11c,
( 3, 3,  0, 0,  1, 2, 2 )==tBB11c,
( 3, 3,  1, 0,  0, 1, 1 )==tAA11a,
( 3, 3,  1, 0,  0, 1, 2 )==tAB11a,
( 3, 3,  1, 0,  0, 2, 1 )==-tAB11a,
( 3, 3,  1, 0,  0, 2, 2 )==tBB11a,
( 3, 3,  1, 0,  1, 1, 1 )==tAA11ak,
( 3, 3,  1, 0,  1, 1, 2 )==tAB11ak,
( 3, 3,  1, 0,  1, 2, 1 )==-tAB11ak,
( 3, 4, -2, 0, -1, 1, 1 )==tAA12ak,
( 3, 4, -2, 0,  0, 1, 1 )==tAA12a,
( 3, 4, -2, 0,  0, 1, 2 )==-tAB12a,
( 3, 4, -2, 0,  0, 2, 1 )==tAB12a,
( 3, 4, -2, 0,  0, 2, 2 )==tBB12a,
( 3, 4, -1, 0, -1, 1, 1 )==tAA12ic,
( 3, 4, -1, 0, -1, 2, 2 )==tBB12ic,
( 3, 4, -1, 0,  0, 1, 1 )==tAA12,
( 3, 4, -1, 0,  0, 1, 2 )==-tAB12,
( 3, 4, -1, 0,  0, 2, 1 )==tAB12,
( 3, 4, -1, 0,  0, 2, 2 )==tBB12,
( 3, 4, -1, 0,  1, 1, 1 )==tAA12c,
( 3, 4,  0, 0, -1, 1, 1 )==tAA12c,
( 3, 4,  0, 0,  0, 1, 1 )==tAA12,
( 3, 4,  0, 0,  0, 1, 2 )==tAB12,
( 3, 4,  0, 0,  0, 2, 1 )==-tAB12,
( 3, 4,  0, 0,  0, 2, 2 )==tBB12,
( 3, 4,  0, 0,  1, 1, 1 )==tAA12ic,
( 3, 4,  0, 0,  1, 2, 2 )==tBB12ic,
( 3, 4,  1, 0,  0, 1, 1 )==tAA12a,
( 3, 4,  1, 0,  0, 1, 2 )==tAB12a,
( 3, 4,  1, 0,  0, 2, 1 )==-tAB12a,
( 3, 4,  1, 0,  0, 2, 2 )==tBB12a,
( 3, 4,  1, 0,  1, 1, 1 )==tAA12ak,
( 4, 1, -1, 0,  0, 1, 1 )==tAA14a,
( 4, 1, -1, 0,  1, 1, 1 )==tAA14a,
( 4, 1,  0, 0,  0, 1, 1 )==tAA14,
( 4, 1,  0, 0,  0, 1, 2 )==tBA14,
( 4, 1,  0, 0,  0, 2, 1 )==tAB14,
( 4, 1,  0, 0,  0, 2, 2 )==tBB14,
( 4, 1,  0, 0,  1, 1, 1 )==tAA14,
( 4, 1,  0, 0,  1, 1, 2 )==-tAB14,
( 4, 1,  0, 0,  1, 2, 1 )==-tBA14,
( 4, 1,  0, 0,  1, 2, 2 )==tBB14,
( 4, 1,  1, 0,  0, 1, 1 )==tAA14,
( 4, 1,  1, 0,  0, 1, 2 )==tAB14,
( 4, 1,  1, 0,  0, 2, 1 )==tBA14,
( 4, 1,  1, 0,  0, 2, 2 )==tBB14,
( 4, 1,  1, 0,  1, 1, 1 )==tAA14,
( 4, 1,  1, 0,  1, 1, 2 )==-tBA14,
( 4, 1,  1, 0,  1, 2, 1 )==-tAB14,
( 4, 1,  1, 0,  1, 2, 2 )==tBB14,
( 4, 1,  2, 0,  0, 1, 1 )==tAA14a,
( 4, 1,  2, 0,  1, 1, 1 )==tAA14a,
( 4, 2, -1, 0,  0, 1, 1 )==tAA13a,
( 4, 2, -1, 0,  0, 1, 2 )==tBA13a,
( 4, 2, -1, 0,  0, 2, 1 )==tAB13a,
( 4, 2, -1, 0,  1, 1, 1 )==tAA13a,
( 4, 2, -1, 0,  1, 1, 2 )==-tAB13a,
( 4, 2, -1, 0,  1, 2, 1 )==-tBA13a,
( 4, 2,  0, 0,  0, 1, 1 )==tAA13,
( 4, 2,  0, 0,  0, 1, 2 )==tAB13,
( 4, 2,  0, 0,  0, 2, 1 )==tAB13,
( 4, 2,  0, 0,  0, 2, 2 )==tBB13,
( 4, 2,  0, 0,  1, 1, 1 )==tAA13,
( 4, 2,  0, 0,  1, 1, 2 )==-tAB13,
( 4, 2,  0, 0,  1, 2, 1 )==-tAB13,
( 4, 2,  0, 0,  1, 2, 2 )==tBB13,
( 4, 2,  1, 0,  0, 1, 1 )==tAA13a,
( 4, 2,  1, 0,  0, 1, 2 )==tAB13a,
( 4, 2,  1, 0,  0, 2, 1 )==tBA13a,
( 4, 2,  1, 0,  1, 1, 1 )==tAA13a,
( 4, 2,  1, 0,  1, 1, 2 )==-tBA13a,
( 4, 2,  1, 0,  1, 2, 1 )==-tAB13a,
( 4, 3, -1, 0, -1, 1, 1 )==tAA12ak,
( 4, 3, -1, 0,  0, 1, 1 )==tAA12a,
( 4, 3, -1, 0,  0, 1, 2 )==-tAB12a,
( 4, 3, -1, 0,  0, 2, 1 )==tAB12a,
( 4, 3, -1, 0,  0, 2, 2 )==tBB12a,
( 4, 3,  0, 0, -1, 1, 1 )==tAA12ic,
( 4, 3,  0, 0, -1, 2, 2 )==tBB12ic,
( 4, 3,  0, 0,  0, 1, 1 )==tAA12,
( 4, 3,  0, 0,  0, 1, 2 )==-tAB12,
( 4, 3,  0, 0,  0, 2, 1 )==tAB12,
( 4, 3,  0, 0,  0, 2, 2 )==tBB12,
( 4, 3,  0, 0,  1, 1, 1 )==tAA12c,
( 4, 3,  1, 0, -1, 1, 1 )==tAA12c,
( 4, 3,  1, 0,  0, 1, 1 )==tAA12,
( 4, 3,  1, 0,  0, 1, 2 )==tAB12,
( 4, 3,  1, 0,  0, 2, 1 )==-tAB12,
( 4, 3,  1, 0,  0, 2, 2 )==tBB12,
( 4, 3,  1, 0,  1, 1, 1 )==tAA12ic,
( 4, 3,  1, 0,  1, 2, 2 )==tBB12ic,
( 4, 3,  2, 0,  0, 1, 1 )==tAA12a,
( 4, 3,  2, 0,  0, 1, 2 )==tAB12a,
( 4, 3,  2, 0,  0, 2, 1 )==-tAB12a,
( 4, 3,  2, 0,  0, 2, 2 )==tBB12a,
( 4, 3,  2, 0,  1, 1, 1 )==tAA12ak,
( 4, 4, -1, 0, -1, 1, 1 )==tAA11ak,
( 4, 4, -1, 0, -1, 1, 2 )==-tAB11ak,
( 4, 4, -1, 0, -1, 2, 1 )==tAB11ak,
( 4, 4, -1, 0,  0, 1, 1 )==tAA11a,
( 4, 4, -1, 0,  0, 1, 2 )==-tAB11a,
( 4, 4, -1, 0,  0, 2, 1 )==tAB11a,
( 4, 4, -1, 0,  0, 2, 2 )==tBB11a,
( 4, 4,  0, 0, -1, 1, 1 )==tAA11c,
( 4, 4,  0, 0, -1, 1, 2 )==tAB11c,
( 4, 4,  0, 0, -1, 2, 1 )==-tAB11c,
( 4, 4,  0, 0, -1, 2, 2 )==tBB11c,
( 4, 4,  0, 0,  0, 1, 1 )==eA1,
( 4, 4,  0, 0,  0, 1, 2 )==-eAB1,
( 4, 4,  0, 0,  0, 2, 1 )==-eAB1,
( 4, 4,  0, 0,  0, 2, 2 )==eB1,
( 4, 4,  0, 0,  1, 1, 1 )==tAA11c,
( 4, 4,  0, 0,  1, 1, 2 )==-tAB11c,
( 4, 4,  0, 0,  1, 2, 1 )==tAB11c,
( 4, 4,  0, 0,  1, 2, 2 )==tBB11c,
( 4, 4,  1, 0,  0, 1, 1 )==tAA11a,
( 4, 4,  1, 0,  0, 1, 2 )==tAB11a,
( 4, 4,  1, 0,  0, 2, 1 )==-tAB11a,
( 4, 4,  1, 0,  0, 2, 2 )==tBB11a,
( 4, 4,  1, 0,  1, 1, 1 )==tAA11ak,
( 4, 4,  1, 0,  1, 1, 2 )==tAB11ak,
( 4, 4,  1, 0,  1, 2, 1 )==-tAB11ak,
NULL]
