eunit=meV, punit=GPa

N=36, ZPE=82.49 meV/mode, F(300K)=85.71 meV/mode

-0.34,-0.18,-0.03,6.42,10.01,13.65,14.02,16.81,87.59 .. 369,374,374 meV

-0.34,-0.18,-0.03,6.42,10.01,13.65,14.02,16.81,87.59,89.10,129.68,129.90,131.76,132.15,139.36,139.46,143.36,144.07,144.50,144.91,159.08,159.59,167.28,167.82,174.27,179.44,180.34,182.32,365.12,365.46,367.53,367.96,368.94,369.03,373.88,374.28

 XX 328.657
 YY   2.602  10.965
 ZZ   0.340   6.196  11.121
 XY   0.000  -0.000  -0.000   3.225
 YZ  -0.000   0.000   0.000   0.000   7.333
 ZX  -0.000   0.000  -0.000  -0.000   0.000   2.291
       XX      YY      ZZ      XY      YZ      ZX

      2.291   3.225   4.839   7.333  17.226 328.679
 XX   0.000   0.000  -0.005   0.000   0.007  -1.000
 YY   0.000   0.000   0.712   0.000  -0.702  -0.008
 ZZ   0.000   0.000  -0.702   0.000  -0.712  -0.001
 XY   0.000   1.000   0.000   0.000   0.000  -0.000
 YZ   0.000   0.000   0.000   1.000   0.000  -0.000
 ZX   1.000   0.000   0.000   0.000   0.000  -0.000

K=8.467, GR=3.732, GV=3.790

false pressure=-0.011, external pressure by components:
     -1.828  -1.740  -1.736  -0.006  -0.015  -0.007
      2.003   1.863   1.867  -0.006  -0.014  -0.006
