eunit=meV, punit=GPa

N=84, ZPE=59.84 meV/mode, F(300K)=64.81 meV/mode

-0.82,-0.56,-0.21,3.44,7.15,9.76,12.75,14.69,14.78 .. 390,391,391 meV

-0.82,-0.56,-0.21,3.44,7.15,9.76,12.75,14.69,14.78,14.80,18.62,19.94,21.36,23.02,23.08,23.37,35.82,35.91,47.31,47.76,49.00,49.06,55.18,55.90,64.30,64.38,69.38,70.20,70.45,70.55,73.74,73.87,74.45,74.58,87.49,87.84,90.27,90.50,90.55,90.56,96.30,96.45,97.86,99.12,102.81,103.07,107.22,107.24,109.36,109.71,111.80,111.87,129.54,129.89,134.04,135.12,145.36,145.59,149.89,150.05,150.94,151.25,153.98,155.04,158.30,158.31,171.39,172.03,179.98,180.17,180.21,180.67,181.27,181.40,192.47,192.48,388.28,388.38,388.41,388.45,390.39,390.40,390.59,390.62

 XX 385.663
 YY   1.225  12.088
 ZZ   2.999  12.632  20.184
 XY  -0.148  -0.406  -0.622   1.137
 YZ   0.000   0.000   0.000   0.000   6.321
 ZX   0.000  -0.000  -0.000   0.000   0.362   0.553
       XX      YY      ZZ      XY      YZ      ZX

      0.530   1.116   2.871   6.343  29.392 385.692
 XX   0.000   0.000  -0.002  -0.000  -0.009   1.000
 YY   0.000  -0.003  -0.808  -0.000   0.589   0.004
 ZZ   0.000   0.034   0.589  -0.000   0.807   0.008
 XY   0.000   0.999  -0.022  -0.000  -0.026  -0.000
 YZ   0.062   0.000   0.000  -0.998   0.000  -0.000
 ZX  -0.998   0.000   0.000  -0.062   0.000  -0.000

K=11.614, GR=1.369, GV=1.733

false pressure=0.000, external pressure by components:
     -3.144  -0.717  -2.279  -0.007   0.016   0.026
      3.504   0.754   2.472  -0.013   0.016   0.026
