eunit=meV, punit=GPa

Translations: 2,3,22 Imaginary: 1

N=84, ZPE=59.78 meV/mode, F(300K)=64.80 meV/mode

-1.71,-0.56,-0.25,0.61,6.00,9.41,12.29,12.87,13.57 .. 390,390,390 meV

-1.71,-0.56,-0.25,0.61,6.00,9.41,12.29,12.87,13.57,13.93,18.88,20.23,21.50,22.83,22.92,23.04,35.81,36.00,46.81,47.96,48.83,48.90,55.09,55.51,64.31,64.34,69.15,69.70,70.50,70.62,73.80,73.81,73.99,74.87,87.51,87.84,90.15,90.17,90.38,90.40,95.59,95.94,98.44,99.10,102.46,102.60,106.71,106.97,109.66,109.86,111.75,111.82,129.54,129.68,134.40,134.92,145.33,145.48,149.53,149.76,151.07,151.41,154.07,155.33,158.44,158.56,171.61,171.67,180.24,180.37,180.58,181.00,181.58,181.90,192.72,192.94,388.53,388.54,388.56,388.58,390.28,390.31,390.43,390.45

 XX 387.072
 YY   3.084  10.907
 ZZ   3.584  12.201  22.596
 XY  -0.645  -0.045  -0.525   0.912
 YZ   0.000   0.000   0.000  -0.000   4.628
 ZX  -0.000  -0.000  -0.000   0.000  -0.050   0.833
       XX      YY      ZZ      XY      YZ      ZX

      0.832   0.878   3.247   4.628  30.226 387.135
 XX  -0.000   0.002   0.002   0.000   0.013  -1.000
 YY  -0.000  -0.079  -0.843   0.000  -0.532  -0.009
 ZZ  -0.000   0.068   0.528   0.000  -0.846  -0.010
 XY  -0.000   0.995  -0.103   0.000   0.016   0.002
 YZ  -0.013   0.000   0.000  -1.000   0.000  -0.000
 ZX  -1.000   0.000   0.000   0.013   0.000  -0.000

K=10.571, GR=1.568, GV=1.952

false pressure=-0.005, external pressure by components:
     -3.153  -0.448  -2.554  -0.020   0.007   0.025
      3.505   0.461   2.782  -0.021   0.007   0.025
