eunit=meV, punit=GPa

Translations: 2,3,4 Imaginary: 1

N=84, ZPE=59.77 meV/mode, F(300K)=64.47 meV/mode

-2.90,-0.79,-0.72,-0.19,6.67,9.76,12.98,14.56,14.58 .. 391,391,391 meV

-2.90,-0.79,-0.72,-0.19,6.67,9.76,12.98,14.56,14.58,15.39,18.11,19.60,20.97,22.89,22.98,23.66,35.65,35.71,46.75,48.04,48.98,49.17,55.00,55.95,64.00,64.12,68.93,70.07,70.09,70.65,73.77,73.85,73.89,74.89,87.52,87.85,90.27,90.39,90.42,90.44,95.53,95.70,97.55,98.63,102.87,103.21,106.42,106.42,108.96,109.47,111.76,111.88,128.86,129.26,133.26,134.85,144.59,145.11,149.44,149.74,150.91,151.40,153.74,154.92,157.91,157.98,171.25,171.92,179.93,180.09,180.60,180.64,180.76,181.48,192.09,192.35,389.16,389.28,389.32,389.35,390.90,390.98,391.15,391.20

 XX 382.749
 YY   0.831  12.925
 ZZ   1.810  10.933  19.392
 XY  -0.000   0.000  -0.000  -0.858
 YZ   0.000   0.000   0.000  -0.000   6.055
 ZX   0.000   0.000   0.000   0.000   0.000   0.554
       XX      YY      ZZ      XY      YZ      ZX

     -0.858   0.554   4.757   6.055  27.549 382.760
 XX   0.000   0.000   0.001   0.000   0.005  -1.000
 YY   0.000   0.000   0.801   0.000  -0.599  -0.002
 ZZ   0.000   0.000  -0.599   0.000  -0.801  -0.005
 XY   1.000   0.000   0.000   0.000   0.000  -0.000
 YZ   0.000   0.000   0.000   1.000   0.000  -0.000
 ZX   0.000   1.000   0.000   0.000   0.000  -0.000

K=12.207, GR=4.006, GV=4.041

false pressure=-0.004, external pressure by components:
     -3.133  -0.650  -2.343  -0.016   0.013   0.024
      3.484   0.676   2.541  -0.017   0.013   0.024
