eunit=meV, punit=GPa

N=84, ZPE=59.80 meV/mode, F(300K)=64.80 meV/mode

-0.72,-0.44,-0.24,1.90,6.52,9.41,12.06,13.94,14.15 .. 390,390,390 meV

-0.72,-0.44,-0.24,1.90,6.52,9.41,12.06,13.94,14.15,15.06,18.48,18.66,22.62,22.90,23.08,23.31,35.77,35.78,46.71,48.19,49.00,49.04,55.18,55.55,64.47,64.48,69.29,69.57,70.78,70.81,73.67,73.72,74.02,75.01,87.39,87.74,90.18,90.30,90.39,90.44,96.17,96.23,98.34,99.20,102.71,102.82,106.92,106.94,109.82,109.86,111.72,111.88,129.79,129.80,134.65,134.79,145.45,145.56,149.76,149.95,151.10,151.14,153.99,155.15,158.45,158.56,171.45,171.69,180.09,180.13,180.30,180.65,181.37,181.84,192.62,192.80,388.35,388.38,388.38,388.38,389.94,389.99,390.14,390.17

 XX 379.587
 YY   3.559   6.788
 ZZ  -4.923  20.658   1.561
 XY   0.000  -0.000   0.000   0.301
 YZ  -0.000   0.000   0.000  -0.000   5.548
 ZX  -0.000   0.000  -0.000   0.000   0.000   0.461
       XX      YY      ZZ      XY      YZ      ZX

    -16.740   0.301   0.461   5.548  24.996 379.680
 XX   0.015   0.000   0.000   0.000   0.002  -1.000
 YY  -0.661   0.000   0.000   0.000   0.750  -0.009
 ZZ   0.750   0.000   0.000   0.000   0.661   0.013
 XY   0.000   1.000   0.000   0.000   0.000  -0.000
 YZ   0.000   0.000   0.000   1.000   0.000  -0.000
 ZX   0.000   0.000   1.000   0.000   0.000  -0.000

K=12.219, GR=0.897, GV=-8.696

false pressure=-0.009, external pressure by components:
     -3.154  -0.573  -2.444  -0.021   0.008   0.019
      3.497   0.584   2.648  -0.022   0.008   0.019
