# Effective 2-orbital Hamiltonian for cryst-bH
SG=Pmnb
orbs=[[1,2,3,4]]
M=Matrix(3,3,[
a,0,0,
0,b,0,
0,0,c])
P=Matrix(3,4,[
1/4,3/4,1/4,3/4,
y,-y,y+1/2,-y+1/2,
z,-z,-z+1/2,z+1/2])
geoparams=[
"cryst-bH_PBE-D3paw900"==[ a=7.785683, b=7.558908, c=5.642082, y=0.061115, z=-0.158530],
NULL]
params=[
 # dimer approximation
"cryst-bH_PBE-D3paw900_CAM-B3LYPp2p_h_dimer"==[ E0=-8.070703, eB1=-0.536526, tAA12=-1.154716, tAB12=0.046760, tBB12=-0.099343, tAA13k=-0.117252, tBB13k=-0.049787, tAA12k=0.011394, tAB12k=-0.013368, tBB12k=-0.010491, tAA14=-0.010225, tAB14=0.025668, tBA14=0.022451, tBB14=-0.006708, tAA11c=0.009172, tBB11c=-0.112275, tAA13=-0.022754, tBB13=-0.158270, tAA14j=0.016547, tAB14j=0.013697, tBA14j=0.023012, tBB14j=-0.004091, tAA11a=0.029234, tAB11a=-0.009935, tBB11a=0.002523, tAB12c=0.028609, tAA13ak=-0.004574, tBA13ak=-0.006023, tAA11ac=-0.004728, tAA13a=0.004616, tAB13a=-0.003429, tAA12a=-0.062301, tAA12ak=0.001707, tAB12ak=-0.001578, tAA14a=0.001053, tAB14a=0.003453, tBA14a=0.002162, tAA14aj=0.002647, tAB14aj=0.001442, tBA14aj=0.003453, tAA12ac=0.001233, tAB12ac=0.002569],
NULL]
H=[
( 1, 1, -1,  0, -1, 1, 1 )==tAA11ac,
( 1, 1, -1,  0,  0, 1, 1 )==tAA11a,
( 1, 1, -1,  0,  0, 1, 2 )==-tAB11a,
( 1, 1, -1,  0,  0, 2, 1 )==tAB11a,
( 1, 1, -1,  0,  0, 2, 2 )==tBB11a,
( 1, 1, -1,  0,  1, 1, 1 )==tAA11ac,
( 1, 1,  0,  0, -1, 1, 1 )==tAA11c,
( 1, 1,  0,  0, -1, 1, 2 )==tBA11c,
( 1, 1,  0,  0, -1, 2, 1 )==tAB11c,
( 1, 1,  0,  0, -1, 2, 2 )==tBB11c,
( 1, 1,  0,  0,  0, 1, 1 )==eA1,
( 1, 1,  0,  0,  0, 1, 2 )==eAB1,
( 1, 1,  0,  0,  0, 2, 1 )==eAB1,
( 1, 1,  0,  0,  0, 2, 2 )==eB1,
( 1, 1,  0,  0,  1, 1, 1 )==tAA11c,
( 1, 1,  0,  0,  1, 1, 2 )==tAB11c,
( 1, 1,  0,  0,  1, 2, 1 )==tBA11c,
( 1, 1,  0,  0,  1, 2, 2 )==tBB11c,
( 1, 1,  1,  0, -1, 1, 1 )==tAA11ac,
( 1, 1,  1,  0,  0, 1, 1 )==tAA11a,
( 1, 1,  1,  0,  0, 1, 2 )==tAB11a,
( 1, 1,  1,  0,  0, 2, 1 )==-tAB11a,
( 1, 1,  1,  0,  0, 2, 2 )==tBB11a,
( 1, 1,  1,  0,  1, 1, 1 )==tAA11ac,
( 1, 2, -2,  0, -1, 1, 1 )==tAA12ak,
( 1, 2, -2,  0, -1, 1, 2 )==-tAB12ak,
( 1, 2, -2,  0, -1, 2, 1 )==tAB12ak,
( 1, 2, -2,  0,  0, 1, 1 )==tAA12a,
( 1, 2, -2,  0,  1, 1, 1 )==tAA12ac,
( 1, 2, -2,  0,  1, 1, 2 )==-tAB12ac,
( 1, 2, -2,  0,  1, 2, 1 )==tAB12ac,
( 1, 2, -1,  0, -1, 1, 1 )==tAA12k,
( 1, 2, -1,  0, -1, 1, 2 )==-tAB12k,
( 1, 2, -1,  0, -1, 2, 1 )==tAB12k,
( 1, 2, -1,  0, -1, 2, 2 )==tBB12k,
( 1, 2, -1,  0,  0, 1, 1 )==tAA12,
( 1, 2, -1,  0,  0, 1, 2 )==-tAB12,
( 1, 2, -1,  0,  0, 2, 1 )==tAB12,
( 1, 2, -1,  0,  0, 2, 2 )==tBB12,
( 1, 2, -1,  0,  1, 1, 2 )==-tAB12c,
( 1, 2, -1,  0,  1, 2, 1 )==tAB12c,
( 1, 2,  0,  0, -1, 1, 1 )==tAA12k,
( 1, 2,  0,  0, -1, 1, 2 )==tAB12k,
( 1, 2,  0,  0, -1, 2, 1 )==-tAB12k,
( 1, 2,  0,  0, -1, 2, 2 )==tBB12k,
( 1, 2,  0,  0,  0, 1, 1 )==tAA12,
( 1, 2,  0,  0,  0, 1, 2 )==tAB12,
( 1, 2,  0,  0,  0, 2, 1 )==-tAB12,
( 1, 2,  0,  0,  0, 2, 2 )==tBB12,
( 1, 2,  0,  0,  1, 1, 2 )==tAB12c,
( 1, 2,  0,  0,  1, 2, 1 )==-tAB12c,
( 1, 2,  1,  0, -1, 1, 1 )==tAA12ak,
( 1, 2,  1,  0, -1, 1, 2 )==tAB12ak,
( 1, 2,  1,  0, -1, 2, 1 )==-tAB12ak,
( 1, 2,  1,  0,  0, 1, 1 )==tAA12a,
( 1, 2,  1,  0,  1, 1, 1 )==tAA12ac,
( 1, 2,  1,  0,  1, 1, 2 )==tAB12ac,
( 1, 2,  1,  0,  1, 2, 1 )==-tAB12ac,
( 1, 3, -1, -1, -1, 1, 1 )==tAA13ak,
( 1, 3, -1, -1, -1, 1, 2 )==tBA13ak,
( 1, 3, -1, -1,  0, 1, 1 )==tAA13a,
( 1, 3, -1, -1,  0, 2, 1 )==tAB13a,
( 1, 3, -1,  0, -1, 1, 1 )==tAA13ak,
( 1, 3, -1,  0, -1, 2, 1 )==-tBA13ak,
( 1, 3, -1,  0,  0, 1, 1 )==tAA13a,
( 1, 3, -1,  0,  0, 1, 2 )==-tAB13a,
( 1, 3,  0, -1, -1, 1, 1 )==tAA13k,
( 1, 3,  0, -1, -1, 1, 2 )==-tBA13k,
( 1, 3,  0, -1, -1, 2, 1 )==-tAB13k,
( 1, 3,  0, -1, -1, 2, 2 )==tBB13k,
( 1, 3,  0, -1,  0, 1, 1 )==tAA13,
( 1, 3,  0, -1,  0, 1, 2 )==-tBA13,
( 1, 3,  0, -1,  0, 2, 1 )==-tAB13,
( 1, 3,  0, -1,  0, 2, 2 )==tBB13,
( 1, 3,  0,  0, -1, 1, 1 )==tAA13k,
( 1, 3,  0,  0, -1, 1, 2 )==tAB13k,
( 1, 3,  0,  0, -1, 2, 1 )==tBA13k,
( 1, 3,  0,  0, -1, 2, 2 )==tBB13k,
( 1, 3,  0,  0,  0, 1, 1 )==tAA13,
( 1, 3,  0,  0,  0, 1, 2 )==tAB13,
( 1, 3,  0,  0,  0, 2, 1 )==tBA13,
( 1, 3,  0,  0,  0, 2, 2 )==tBB13,
( 1, 3,  1, -1, -1, 1, 1 )==tAA13ak,
( 1, 3,  1, -1, -1, 1, 2 )==-tBA13ak,
( 1, 3,  1, -1,  0, 1, 1 )==tAA13a,
( 1, 3,  1, -1,  0, 2, 1 )==-tAB13a,
( 1, 3,  1,  0, -1, 1, 1 )==tAA13ak,
( 1, 3,  1,  0, -1, 2, 1 )==tBA13ak,
( 1, 3,  1,  0,  0, 1, 1 )==tAA13a,
( 1, 3,  1,  0,  0, 1, 2 )==tAB13a,
( 1, 4, -2, -1, -1, 1, 1 )==tAA14aj,
( 1, 4, -2, -1, -1, 1, 2 )==tBA14aj,
( 1, 4, -2, -1, -1, 2, 1 )==tAB14aj,
( 1, 4, -2, -1,  0, 1, 1 )==tAA14aj,
( 1, 4, -2, -1,  0, 1, 2 )==-tAB14aj,
( 1, 4, -2, -1,  0, 2, 1 )==-tBA14aj,
( 1, 4, -2,  0, -1, 1, 1 )==tAA14a,
( 1, 4, -2,  0, -1, 1, 2 )==tBA14a,
( 1, 4, -2,  0, -1, 2, 1 )==tAB14a,
( 1, 4, -2,  0,  0, 1, 1 )==tAA14a,
( 1, 4, -2,  0,  0, 1, 2 )==-tAB14a,
( 1, 4, -2,  0,  0, 2, 1 )==-tBA14a,
( 1, 4, -1, -1, -1, 1, 1 )==tAA14j,
( 1, 4, -1, -1, -1, 1, 2 )==tBA14j,
( 1, 4, -1, -1, -1, 2, 1 )==tAB14j,
( 1, 4, -1, -1, -1, 2, 2 )==tBB14j,
( 1, 4, -1, -1,  0, 1, 1 )==tAA14j,
( 1, 4, -1, -1,  0, 1, 2 )==-tAB14j,
( 1, 4, -1, -1,  0, 2, 1 )==-tBA14j,
( 1, 4, -1, -1,  0, 2, 2 )==tBB14j,
( 1, 4, -1,  0, -1, 1, 1 )==tAA14,
( 1, 4, -1,  0, -1, 1, 2 )==tBA14,
( 1, 4, -1,  0, -1, 2, 1 )==tAB14,
( 1, 4, -1,  0, -1, 2, 2 )==tBB14,
( 1, 4, -1,  0,  0, 1, 1 )==tAA14,
( 1, 4, -1,  0,  0, 1, 2 )==-tAB14,
( 1, 4, -1,  0,  0, 2, 1 )==-tBA14,
( 1, 4, -1,  0,  0, 2, 2 )==tBB14,
( 1, 4,  0, -1, -1, 1, 1 )==tAA14j,
( 1, 4,  0, -1, -1, 1, 2 )==-tBA14j,
( 1, 4,  0, -1, -1, 2, 1 )==-tAB14j,
( 1, 4,  0, -1, -1, 2, 2 )==tBB14j,
( 1, 4,  0, -1,  0, 1, 1 )==tAA14j,
( 1, 4,  0, -1,  0, 1, 2 )==tAB14j,
( 1, 4,  0, -1,  0, 2, 1 )==tBA14j,
( 1, 4,  0, -1,  0, 2, 2 )==tBB14j,
( 1, 4,  0,  0, -1, 1, 1 )==tAA14,
( 1, 4,  0,  0, -1, 1, 2 )==-tBA14,
( 1, 4,  0,  0, -1, 2, 1 )==-tAB14,
( 1, 4,  0,  0, -1, 2, 2 )==tBB14,
( 1, 4,  0,  0,  0, 1, 1 )==tAA14,
( 1, 4,  0,  0,  0, 1, 2 )==tAB14,
( 1, 4,  0,  0,  0, 2, 1 )==tBA14,
( 1, 4,  0,  0,  0, 2, 2 )==tBB14,
( 1, 4,  1, -1, -1, 1, 1 )==tAA14aj,
( 1, 4,  1, -1, -1, 1, 2 )==-tBA14aj,
( 1, 4,  1, -1, -1, 2, 1 )==-tAB14aj,
( 1, 4,  1, -1,  0, 1, 1 )==tAA14aj,
( 1, 4,  1, -1,  0, 1, 2 )==tAB14aj,
( 1, 4,  1, -1,  0, 2, 1 )==tBA14aj,
( 1, 4,  1,  0, -1, 1, 1 )==tAA14a,
( 1, 4,  1,  0, -1, 1, 2 )==-tBA14a,
( 1, 4,  1,  0, -1, 2, 1 )==-tAB14a,
( 1, 4,  1,  0,  0, 1, 1 )==tAA14a,
( 1, 4,  1,  0,  0, 1, 2 )==tAB14a,
( 1, 4,  1,  0,  0, 2, 1 )==tBA14a,
( 2, 1, -1,  0, -1, 1, 1 )==tAA12ac,
( 2, 1, -1,  0, -1, 1, 2 )==-tAB12ac,
( 2, 1, -1,  0, -1, 2, 1 )==tAB12ac,
( 2, 1, -1,  0,  0, 1, 1 )==tAA12a,
( 2, 1, -1,  0,  1, 1, 1 )==tAA12ak,
( 2, 1, -1,  0,  1, 1, 2 )==-tAB12ak,
( 2, 1, -1,  0,  1, 2, 1 )==tAB12ak,
( 2, 1,  0,  0, -1, 1, 2 )==-tAB12c,
( 2, 1,  0,  0, -1, 2, 1 )==tAB12c,
( 2, 1,  0,  0,  0, 1, 1 )==tAA12,
( 2, 1,  0,  0,  0, 1, 2 )==-tAB12,
( 2, 1,  0,  0,  0, 2, 1 )==tAB12,
( 2, 1,  0,  0,  0, 2, 2 )==tBB12,
( 2, 1,  0,  0,  1, 1, 1 )==tAA12k,
( 2, 1,  0,  0,  1, 1, 2 )==-tAB12k,
( 2, 1,  0,  0,  1, 2, 1 )==tAB12k,
( 2, 1,  0,  0,  1, 2, 2 )==tBB12k,
( 2, 1,  1,  0, -1, 1, 2 )==tAB12c,
( 2, 1,  1,  0, -1, 2, 1 )==-tAB12c,
( 2, 1,  1,  0,  0, 1, 1 )==tAA12,
( 2, 1,  1,  0,  0, 1, 2 )==tAB12,
( 2, 1,  1,  0,  0, 2, 1 )==-tAB12,
( 2, 1,  1,  0,  0, 2, 2 )==tBB12,
( 2, 1,  1,  0,  1, 1, 1 )==tAA12k,
( 2, 1,  1,  0,  1, 1, 2 )==tAB12k,
( 2, 1,  1,  0,  1, 2, 1 )==-tAB12k,
( 2, 1,  1,  0,  1, 2, 2 )==tBB12k,
( 2, 1,  2,  0, -1, 1, 1 )==tAA12ac,
( 2, 1,  2,  0, -1, 1, 2 )==tAB12ac,
( 2, 1,  2,  0, -1, 2, 1 )==-tAB12ac,
( 2, 1,  2,  0,  0, 1, 1 )==tAA12a,
( 2, 1,  2,  0,  1, 1, 1 )==tAA12ak,
( 2, 1,  2,  0,  1, 1, 2 )==tAB12ak,
( 2, 1,  2,  0,  1, 2, 1 )==-tAB12ak,
( 2, 2, -1,  0, -1, 1, 1 )==tAA11ac,
( 2, 2, -1,  0,  0, 1, 1 )==tAA11a,
( 2, 2, -1,  0,  0, 1, 2 )==-tAB11a,
( 2, 2, -1,  0,  0, 2, 1 )==tAB11a,
( 2, 2, -1,  0,  0, 2, 2 )==tBB11a,
( 2, 2, -1,  0,  1, 1, 1 )==tAA11ac,
( 2, 2,  0,  0, -1, 1, 1 )==tAA11c,
( 2, 2,  0,  0, -1, 1, 2 )==tAB11c,
( 2, 2,  0,  0, -1, 2, 1 )==tBA11c,
( 2, 2,  0,  0, -1, 2, 2 )==tBB11c,
( 2, 2,  0,  0,  0, 1, 1 )==eA1,
( 2, 2,  0,  0,  0, 1, 2 )==eAB1,
( 2, 2,  0,  0,  0, 2, 1 )==eAB1,
( 2, 2,  0,  0,  0, 2, 2 )==eB1,
( 2, 2,  0,  0,  1, 1, 1 )==tAA11c,
( 2, 2,  0,  0,  1, 1, 2 )==tBA11c,
( 2, 2,  0,  0,  1, 2, 1 )==tAB11c,
( 2, 2,  0,  0,  1, 2, 2 )==tBB11c,
( 2, 2,  1,  0, -1, 1, 1 )==tAA11ac,
( 2, 2,  1,  0,  0, 1, 1 )==tAA11a,
( 2, 2,  1,  0,  0, 1, 2 )==tAB11a,
( 2, 2,  1,  0,  0, 2, 1 )==-tAB11a,
( 2, 2,  1,  0,  0, 2, 2 )==tBB11a,
( 2, 2,  1,  0,  1, 1, 1 )==tAA11ac,
( 2, 3, -1, -1, -1, 1, 1 )==tAA14a,
( 2, 3, -1, -1, -1, 1, 2 )==-tAB14a,
( 2, 3, -1, -1, -1, 2, 1 )==-tBA14a,
( 2, 3, -1, -1,  0, 1, 1 )==tAA14a,
( 2, 3, -1, -1,  0, 1, 2 )==tBA14a,
( 2, 3, -1, -1,  0, 2, 1 )==tAB14a,
( 2, 3, -1,  0, -1, 1, 1 )==tAA14aj,
( 2, 3, -1,  0, -1, 1, 2 )==-tAB14aj,
( 2, 3, -1,  0, -1, 2, 1 )==-tBA14aj,
( 2, 3, -1,  0,  0, 1, 1 )==tAA14aj,
( 2, 3, -1,  0,  0, 1, 2 )==tBA14aj,
( 2, 3, -1,  0,  0, 2, 1 )==tAB14aj,
( 2, 3,  0, -1, -1, 1, 1 )==tAA14,
( 2, 3,  0, -1, -1, 1, 2 )==-tAB14,
( 2, 3,  0, -1, -1, 2, 1 )==-tBA14,
( 2, 3,  0, -1, -1, 2, 2 )==tBB14,
( 2, 3,  0, -1,  0, 1, 1 )==tAA14,
( 2, 3,  0, -1,  0, 1, 2 )==tBA14,
( 2, 3,  0, -1,  0, 2, 1 )==tAB14,
( 2, 3,  0, -1,  0, 2, 2 )==tBB14,
( 2, 3,  0,  0, -1, 1, 1 )==tAA14j,
( 2, 3,  0,  0, -1, 1, 2 )==-tAB14j,
( 2, 3,  0,  0, -1, 2, 1 )==-tBA14j,
( 2, 3,  0,  0, -1, 2, 2 )==tBB14j,
( 2, 3,  0,  0,  0, 1, 1 )==tAA14j,
( 2, 3,  0,  0,  0, 1, 2 )==tBA14j,
( 2, 3,  0,  0,  0, 2, 1 )==tAB14j,
( 2, 3,  0,  0,  0, 2, 2 )==tBB14j,
( 2, 3,  1, -1, -1, 1, 1 )==tAA14,
( 2, 3,  1, -1, -1, 1, 2 )==tAB14,
( 2, 3,  1, -1, -1, 2, 1 )==tBA14,
( 2, 3,  1, -1, -1, 2, 2 )==tBB14,
( 2, 3,  1, -1,  0, 1, 1 )==tAA14,
( 2, 3,  1, -1,  0, 1, 2 )==-tBA14,
( 2, 3,  1, -1,  0, 2, 1 )==-tAB14,
( 2, 3,  1, -1,  0, 2, 2 )==tBB14,
( 2, 3,  1,  0, -1, 1, 1 )==tAA14j,
( 2, 3,  1,  0, -1, 1, 2 )==tAB14j,
( 2, 3,  1,  0, -1, 2, 1 )==tBA14j,
( 2, 3,  1,  0, -1, 2, 2 )==tBB14j,
( 2, 3,  1,  0,  0, 1, 1 )==tAA14j,
( 2, 3,  1,  0,  0, 1, 2 )==-tBA14j,
( 2, 3,  1,  0,  0, 2, 1 )==-tAB14j,
( 2, 3,  1,  0,  0, 2, 2 )==tBB14j,
( 2, 3,  2, -1, -1, 1, 1 )==tAA14a,
( 2, 3,  2, -1, -1, 1, 2 )==tAB14a,
( 2, 3,  2, -1, -1, 2, 1 )==tBA14a,
( 2, 3,  2, -1,  0, 1, 1 )==tAA14a,
( 2, 3,  2, -1,  0, 1, 2 )==-tBA14a,
( 2, 3,  2, -1,  0, 2, 1 )==-tAB14a,
( 2, 3,  2,  0, -1, 1, 1 )==tAA14aj,
( 2, 3,  2,  0, -1, 1, 2 )==tAB14aj,
( 2, 3,  2,  0, -1, 2, 1 )==tBA14aj,
( 2, 3,  2,  0,  0, 1, 1 )==tAA14aj,
( 2, 3,  2,  0,  0, 1, 2 )==-tBA14aj,
( 2, 3,  2,  0,  0, 2, 1 )==-tAB14aj,
( 2, 4, -1, -1, -1, 1, 1 )==tAA13a,
( 2, 4, -1, -1, -1, 1, 2 )==-tAB13a,
( 2, 4, -1, -1,  0, 1, 1 )==tAA13ak,
( 2, 4, -1, -1,  0, 2, 1 )==-tBA13ak,
( 2, 4, -1,  0, -1, 1, 1 )==tAA13a,
( 2, 4, -1,  0, -1, 2, 1 )==tAB13a,
( 2, 4, -1,  0,  0, 1, 1 )==tAA13ak,
( 2, 4, -1,  0,  0, 1, 2 )==tBA13ak,
( 2, 4,  0, -1, -1, 1, 1 )==tAA13,
( 2, 4,  0, -1, -1, 1, 2 )==tAB13,
( 2, 4,  0, -1, -1, 2, 1 )==tBA13,
( 2, 4,  0, -1, -1, 2, 2 )==tBB13,
( 2, 4,  0, -1,  0, 1, 1 )==tAA13k,
( 2, 4,  0, -1,  0, 1, 2 )==tAB13k,
( 2, 4,  0, -1,  0, 2, 1 )==tBA13k,
( 2, 4,  0, -1,  0, 2, 2 )==tBB13k,
( 2, 4,  0,  0, -1, 1, 1 )==tAA13,
( 2, 4,  0,  0, -1, 1, 2 )==-tBA13,
( 2, 4,  0,  0, -1, 2, 1 )==-tAB13,
( 2, 4,  0,  0, -1, 2, 2 )==tBB13,
( 2, 4,  0,  0,  0, 1, 1 )==tAA13k,
( 2, 4,  0,  0,  0, 1, 2 )==-tBA13k,
( 2, 4,  0,  0,  0, 2, 1 )==-tAB13k,
( 2, 4,  0,  0,  0, 2, 2 )==tBB13k,
( 2, 4,  1, -1, -1, 1, 1 )==tAA13a,
( 2, 4,  1, -1, -1, 1, 2 )==tAB13a,
( 2, 4,  1, -1,  0, 1, 1 )==tAA13ak,
( 2, 4,  1, -1,  0, 2, 1 )==tBA13ak,
( 2, 4,  1,  0, -1, 1, 1 )==tAA13a,
( 2, 4,  1,  0, -1, 2, 1 )==-tAB13a,
( 2, 4,  1,  0,  0, 1, 1 )==tAA13ak,
( 2, 4,  1,  0,  0, 1, 2 )==-tBA13ak,
( 3, 1, -1,  0,  0, 1, 1 )==tAA13a,
( 3, 1, -1,  0,  0, 2, 1 )==tAB13a,
( 3, 1, -1,  0,  1, 1, 1 )==tAA13ak,
( 3, 1, -1,  0,  1, 1, 2 )==tBA13ak,
( 3, 1, -1,  1,  0, 1, 1 )==tAA13a,
( 3, 1, -1,  1,  0, 1, 2 )==-tAB13a,
( 3, 1, -1,  1,  1, 1, 1 )==tAA13ak,
( 3, 1, -1,  1,  1, 2, 1 )==-tBA13ak,
( 3, 1,  0,  0,  0, 1, 1 )==tAA13,
( 3, 1,  0,  0,  0, 1, 2 )==tBA13,
( 3, 1,  0,  0,  0, 2, 1 )==tAB13,
( 3, 1,  0,  0,  0, 2, 2 )==tBB13,
( 3, 1,  0,  0,  1, 1, 1 )==tAA13k,
( 3, 1,  0,  0,  1, 1, 2 )==tBA13k,
( 3, 1,  0,  0,  1, 2, 1 )==tAB13k,
( 3, 1,  0,  0,  1, 2, 2 )==tBB13k,
( 3, 1,  0,  1,  0, 1, 1 )==tAA13,
( 3, 1,  0,  1,  0, 1, 2 )==-tAB13,
( 3, 1,  0,  1,  0, 2, 1 )==-tBA13,
( 3, 1,  0,  1,  0, 2, 2 )==tBB13,
( 3, 1,  0,  1,  1, 1, 1 )==tAA13k,
( 3, 1,  0,  1,  1, 1, 2 )==-tAB13k,
( 3, 1,  0,  1,  1, 2, 1 )==-tBA13k,
( 3, 1,  0,  1,  1, 2, 2 )==tBB13k,
( 3, 1,  1,  0,  0, 1, 1 )==tAA13a,
( 3, 1,  1,  0,  0, 2, 1 )==-tAB13a,
( 3, 1,  1,  0,  1, 1, 1 )==tAA13ak,
( 3, 1,  1,  0,  1, 1, 2 )==-tBA13ak,
( 3, 1,  1,  1,  0, 1, 1 )==tAA13a,
( 3, 1,  1,  1,  0, 1, 2 )==tAB13a,
( 3, 1,  1,  1,  1, 1, 1 )==tAA13ak,
( 3, 1,  1,  1,  1, 2, 1 )==tBA13ak,
( 3, 2, -2,  0,  0, 1, 1 )==tAA14aj,
( 3, 2, -2,  0,  0, 1, 2 )==-tAB14aj,
( 3, 2, -2,  0,  0, 2, 1 )==-tBA14aj,
( 3, 2, -2,  0,  1, 1, 1 )==tAA14aj,
( 3, 2, -2,  0,  1, 1, 2 )==tBA14aj,
( 3, 2, -2,  0,  1, 2, 1 )==tAB14aj,
( 3, 2, -2,  1,  0, 1, 1 )==tAA14a,
( 3, 2, -2,  1,  0, 1, 2 )==-tAB14a,
( 3, 2, -2,  1,  0, 2, 1 )==-tBA14a,
( 3, 2, -2,  1,  1, 1, 1 )==tAA14a,
( 3, 2, -2,  1,  1, 1, 2 )==tBA14a,
( 3, 2, -2,  1,  1, 2, 1 )==tAB14a,
( 3, 2, -1,  0,  0, 1, 1 )==tAA14j,
( 3, 2, -1,  0,  0, 1, 2 )==-tAB14j,
( 3, 2, -1,  0,  0, 2, 1 )==-tBA14j,
( 3, 2, -1,  0,  0, 2, 2 )==tBB14j,
( 3, 2, -1,  0,  1, 1, 1 )==tAA14j,
( 3, 2, -1,  0,  1, 1, 2 )==tBA14j,
( 3, 2, -1,  0,  1, 2, 1 )==tAB14j,
( 3, 2, -1,  0,  1, 2, 2 )==tBB14j,
( 3, 2, -1,  1,  0, 1, 1 )==tAA14,
( 3, 2, -1,  1,  0, 1, 2 )==-tAB14,
( 3, 2, -1,  1,  0, 2, 1 )==-tBA14,
( 3, 2, -1,  1,  0, 2, 2 )==tBB14,
( 3, 2, -1,  1,  1, 1, 1 )==tAA14,
( 3, 2, -1,  1,  1, 1, 2 )==tBA14,
( 3, 2, -1,  1,  1, 2, 1 )==tAB14,
( 3, 2, -1,  1,  1, 2, 2 )==tBB14,
( 3, 2,  0,  0,  0, 1, 1 )==tAA14j,
( 3, 2,  0,  0,  0, 1, 2 )==tAB14j,
( 3, 2,  0,  0,  0, 2, 1 )==tBA14j,
( 3, 2,  0,  0,  0, 2, 2 )==tBB14j,
( 3, 2,  0,  0,  1, 1, 1 )==tAA14j,
( 3, 2,  0,  0,  1, 1, 2 )==-tBA14j,
( 3, 2,  0,  0,  1, 2, 1 )==-tAB14j,
( 3, 2,  0,  0,  1, 2, 2 )==tBB14j,
( 3, 2,  0,  1,  0, 1, 1 )==tAA14,
( 3, 2,  0,  1,  0, 1, 2 )==tAB14,
( 3, 2,  0,  1,  0, 2, 1 )==tBA14,
( 3, 2,  0,  1,  0, 2, 2 )==tBB14,
( 3, 2,  0,  1,  1, 1, 1 )==tAA14,
( 3, 2,  0,  1,  1, 1, 2 )==-tBA14,
( 3, 2,  0,  1,  1, 2, 1 )==-tAB14,
( 3, 2,  0,  1,  1, 2, 2 )==tBB14,
( 3, 2,  1,  0,  0, 1, 1 )==tAA14aj,
( 3, 2,  1,  0,  0, 1, 2 )==tAB14aj,
( 3, 2,  1,  0,  0, 2, 1 )==tBA14aj,
( 3, 2,  1,  0,  1, 1, 1 )==tAA14aj,
( 3, 2,  1,  0,  1, 1, 2 )==-tBA14aj,
( 3, 2,  1,  0,  1, 2, 1 )==-tAB14aj,
( 3, 2,  1,  1,  0, 1, 1 )==tAA14a,
( 3, 2,  1,  1,  0, 1, 2 )==tAB14a,
( 3, 2,  1,  1,  0, 2, 1 )==tBA14a,
( 3, 2,  1,  1,  1, 1, 1 )==tAA14a,
( 3, 2,  1,  1,  1, 1, 2 )==-tBA14a,
( 3, 2,  1,  1,  1, 2, 1 )==-tAB14a,
( 3, 3, -1,  0, -1, 1, 1 )==tAA11ac,
( 3, 3, -1,  0,  0, 1, 1 )==tAA11a,
( 3, 3, -1,  0,  0, 1, 2 )==-tAB11a,
( 3, 3, -1,  0,  0, 2, 1 )==tAB11a,
( 3, 3, -1,  0,  0, 2, 2 )==tBB11a,
( 3, 3, -1,  0,  1, 1, 1 )==tAA11ac,
( 3, 3,  0,  0, -1, 1, 1 )==tAA11c,
( 3, 3,  0,  0, -1, 1, 2 )==-tAB11c,
( 3, 3,  0,  0, -1, 2, 1 )==-tBA11c,
( 3, 3,  0,  0, -1, 2, 2 )==tBB11c,
( 3, 3,  0,  0,  0, 1, 1 )==eA1,
( 3, 3,  0,  0,  0, 1, 2 )==-eAB1,
( 3, 3,  0,  0,  0, 2, 1 )==-eAB1,
( 3, 3,  0,  0,  0, 2, 2 )==eB1,
( 3, 3,  0,  0,  1, 1, 1 )==tAA11c,
( 3, 3,  0,  0,  1, 1, 2 )==-tBA11c,
( 3, 3,  0,  0,  1, 2, 1 )==-tAB11c,
( 3, 3,  0,  0,  1, 2, 2 )==tBB11c,
( 3, 3,  1,  0, -1, 1, 1 )==tAA11ac,
( 3, 3,  1,  0,  0, 1, 1 )==tAA11a,
( 3, 3,  1,  0,  0, 1, 2 )==tAB11a,
( 3, 3,  1,  0,  0, 2, 1 )==-tAB11a,
( 3, 3,  1,  0,  0, 2, 2 )==tBB11a,
( 3, 3,  1,  0,  1, 1, 1 )==tAA11ac,
( 3, 4, -2,  0, -1, 1, 1 )==tAA12ac,
( 3, 4, -2,  0, -1, 1, 2 )==-tAB12ac,
( 3, 4, -2,  0, -1, 2, 1 )==tAB12ac,
( 3, 4, -2,  0,  0, 1, 1 )==tAA12a,
( 3, 4, -2,  0,  1, 1, 1 )==tAA12ak,
( 3, 4, -2,  0,  1, 1, 2 )==-tAB12ak,
( 3, 4, -2,  0,  1, 2, 1 )==tAB12ak,
( 3, 4, -1,  0, -1, 1, 2 )==-tAB12c,
( 3, 4, -1,  0, -1, 2, 1 )==tAB12c,
( 3, 4, -1,  0,  0, 1, 1 )==tAA12,
( 3, 4, -1,  0,  0, 1, 2 )==-tAB12,
( 3, 4, -1,  0,  0, 2, 1 )==tAB12,
( 3, 4, -1,  0,  0, 2, 2 )==tBB12,
( 3, 4, -1,  0,  1, 1, 1 )==tAA12k,
( 3, 4, -1,  0,  1, 1, 2 )==-tAB12k,
( 3, 4, -1,  0,  1, 2, 1 )==tAB12k,
( 3, 4, -1,  0,  1, 2, 2 )==tBB12k,
( 3, 4,  0,  0, -1, 1, 2 )==tAB12c,
( 3, 4,  0,  0, -1, 2, 1 )==-tAB12c,
( 3, 4,  0,  0,  0, 1, 1 )==tAA12,
( 3, 4,  0,  0,  0, 1, 2 )==tAB12,
( 3, 4,  0,  0,  0, 2, 1 )==-tAB12,
( 3, 4,  0,  0,  0, 2, 2 )==tBB12,
( 3, 4,  0,  0,  1, 1, 1 )==tAA12k,
( 3, 4,  0,  0,  1, 1, 2 )==tAB12k,
( 3, 4,  0,  0,  1, 2, 1 )==-tAB12k,
( 3, 4,  0,  0,  1, 2, 2 )==tBB12k,
( 3, 4,  1,  0, -1, 1, 1 )==tAA12ac,
( 3, 4,  1,  0, -1, 1, 2 )==tAB12ac,
( 3, 4,  1,  0, -1, 2, 1 )==-tAB12ac,
( 3, 4,  1,  0,  0, 1, 1 )==tAA12a,
( 3, 4,  1,  0,  1, 1, 1 )==tAA12ak,
( 3, 4,  1,  0,  1, 1, 2 )==tAB12ak,
( 3, 4,  1,  0,  1, 2, 1 )==-tAB12ak,
( 4, 1, -1,  0,  0, 1, 1 )==tAA14a,
( 4, 1, -1,  0,  0, 1, 2 )==tBA14a,
( 4, 1, -1,  0,  0, 2, 1 )==tAB14a,
( 4, 1, -1,  0,  1, 1, 1 )==tAA14a,
( 4, 1, -1,  0,  1, 1, 2 )==-tAB14a,
( 4, 1, -1,  0,  1, 2, 1 )==-tBA14a,
( 4, 1, -1,  1,  0, 1, 1 )==tAA14aj,
( 4, 1, -1,  1,  0, 1, 2 )==tBA14aj,
( 4, 1, -1,  1,  0, 2, 1 )==tAB14aj,
( 4, 1, -1,  1,  1, 1, 1 )==tAA14aj,
( 4, 1, -1,  1,  1, 1, 2 )==-tAB14aj,
( 4, 1, -1,  1,  1, 2, 1 )==-tBA14aj,
( 4, 1,  0,  0,  0, 1, 1 )==tAA14,
( 4, 1,  0,  0,  0, 1, 2 )==tBA14,
( 4, 1,  0,  0,  0, 2, 1 )==tAB14,
( 4, 1,  0,  0,  0, 2, 2 )==tBB14,
( 4, 1,  0,  0,  1, 1, 1 )==tAA14,
( 4, 1,  0,  0,  1, 1, 2 )==-tAB14,
( 4, 1,  0,  0,  1, 2, 1 )==-tBA14,
( 4, 1,  0,  0,  1, 2, 2 )==tBB14,
( 4, 1,  0,  1,  0, 1, 1 )==tAA14j,
( 4, 1,  0,  1,  0, 1, 2 )==tBA14j,
( 4, 1,  0,  1,  0, 2, 1 )==tAB14j,
( 4, 1,  0,  1,  0, 2, 2 )==tBB14j,
( 4, 1,  0,  1,  1, 1, 1 )==tAA14j,
( 4, 1,  0,  1,  1, 1, 2 )==-tAB14j,
( 4, 1,  0,  1,  1, 2, 1 )==-tBA14j,
( 4, 1,  0,  1,  1, 2, 2 )==tBB14j,
( 4, 1,  1,  0,  0, 1, 1 )==tAA14,
( 4, 1,  1,  0,  0, 1, 2 )==-tBA14,
( 4, 1,  1,  0,  0, 2, 1 )==-tAB14,
( 4, 1,  1,  0,  0, 2, 2 )==tBB14,
( 4, 1,  1,  0,  1, 1, 1 )==tAA14,
( 4, 1,  1,  0,  1, 1, 2 )==tAB14,
( 4, 1,  1,  0,  1, 2, 1 )==tBA14,
( 4, 1,  1,  0,  1, 2, 2 )==tBB14,
( 4, 1,  1,  1,  0, 1, 1 )==tAA14j,
( 4, 1,  1,  1,  0, 1, 2 )==-tBA14j,
( 4, 1,  1,  1,  0, 2, 1 )==-tAB14j,
( 4, 1,  1,  1,  0, 2, 2 )==tBB14j,
( 4, 1,  1,  1,  1, 1, 1 )==tAA14j,
( 4, 1,  1,  1,  1, 1, 2 )==tAB14j,
( 4, 1,  1,  1,  1, 2, 1 )==tBA14j,
( 4, 1,  1,  1,  1, 2, 2 )==tBB14j,
( 4, 1,  2,  0,  0, 1, 1 )==tAA14a,
( 4, 1,  2,  0,  0, 1, 2 )==-tBA14a,
( 4, 1,  2,  0,  0, 2, 1 )==-tAB14a,
( 4, 1,  2,  0,  1, 1, 1 )==tAA14a,
( 4, 1,  2,  0,  1, 1, 2 )==tAB14a,
( 4, 1,  2,  0,  1, 2, 1 )==tBA14a,
( 4, 1,  2,  1,  0, 1, 1 )==tAA14aj,
( 4, 1,  2,  1,  0, 1, 2 )==-tBA14aj,
( 4, 1,  2,  1,  0, 2, 1 )==-tAB14aj,
( 4, 1,  2,  1,  1, 1, 1 )==tAA14aj,
( 4, 1,  2,  1,  1, 1, 2 )==tAB14aj,
( 4, 1,  2,  1,  1, 2, 1 )==tBA14aj,
( 4, 2, -1,  0,  0, 1, 1 )==tAA13ak,
( 4, 2, -1,  0,  0, 2, 1 )==-tBA13ak,
( 4, 2, -1,  0,  1, 1, 1 )==tAA13a,
( 4, 2, -1,  0,  1, 1, 2 )==-tAB13a,
( 4, 2, -1,  1,  0, 1, 1 )==tAA13ak,
( 4, 2, -1,  1,  0, 1, 2 )==tBA13ak,
( 4, 2, -1,  1,  1, 1, 1 )==tAA13a,
( 4, 2, -1,  1,  1, 2, 1 )==tAB13a,
( 4, 2,  0,  0,  0, 1, 1 )==tAA13k,
( 4, 2,  0,  0,  0, 1, 2 )==-tAB13k,
( 4, 2,  0,  0,  0, 2, 1 )==-tBA13k,
( 4, 2,  0,  0,  0, 2, 2 )==tBB13k,
( 4, 2,  0,  0,  1, 1, 1 )==tAA13,
( 4, 2,  0,  0,  1, 1, 2 )==-tAB13,
( 4, 2,  0,  0,  1, 2, 1 )==-tBA13,
( 4, 2,  0,  0,  1, 2, 2 )==tBB13,
( 4, 2,  0,  1,  0, 1, 1 )==tAA13k,
( 4, 2,  0,  1,  0, 1, 2 )==tBA13k,
( 4, 2,  0,  1,  0, 2, 1 )==tAB13k,
( 4, 2,  0,  1,  0, 2, 2 )==tBB13k,
( 4, 2,  0,  1,  1, 1, 1 )==tAA13,
( 4, 2,  0,  1,  1, 1, 2 )==tBA13,
( 4, 2,  0,  1,  1, 2, 1 )==tAB13,
( 4, 2,  0,  1,  1, 2, 2 )==tBB13,
( 4, 2,  1,  0,  0, 1, 1 )==tAA13ak,
( 4, 2,  1,  0,  0, 2, 1 )==tBA13ak,
( 4, 2,  1,  0,  1, 1, 1 )==tAA13a,
( 4, 2,  1,  0,  1, 1, 2 )==tAB13a,
( 4, 2,  1,  1,  0, 1, 1 )==tAA13ak,
( 4, 2,  1,  1,  0, 1, 2 )==-tBA13ak,
( 4, 2,  1,  1,  1, 1, 1 )==tAA13a,
( 4, 2,  1,  1,  1, 2, 1 )==-tAB13a,
( 4, 3, -1,  0, -1, 1, 1 )==tAA12ak,
( 4, 3, -1,  0, -1, 1, 2 )==-tAB12ak,
( 4, 3, -1,  0, -1, 2, 1 )==tAB12ak,
( 4, 3, -1,  0,  0, 1, 1 )==tAA12a,
( 4, 3, -1,  0,  1, 1, 1 )==tAA12ac,
( 4, 3, -1,  0,  1, 1, 2 )==-tAB12ac,
( 4, 3, -1,  0,  1, 2, 1 )==tAB12ac,
( 4, 3,  0,  0, -1, 1, 1 )==tAA12k,
( 4, 3,  0,  0, -1, 1, 2 )==-tAB12k,
( 4, 3,  0,  0, -1, 2, 1 )==tAB12k,
( 4, 3,  0,  0, -1, 2, 2 )==tBB12k,
( 4, 3,  0,  0,  0, 1, 1 )==tAA12,
( 4, 3,  0,  0,  0, 1, 2 )==-tAB12,
( 4, 3,  0,  0,  0, 2, 1 )==tAB12,
( 4, 3,  0,  0,  0, 2, 2 )==tBB12,
( 4, 3,  0,  0,  1, 1, 2 )==-tAB12c,
( 4, 3,  0,  0,  1, 2, 1 )==tAB12c,
( 4, 3,  1,  0, -1, 1, 1 )==tAA12k,
( 4, 3,  1,  0, -1, 1, 2 )==tAB12k,
( 4, 3,  1,  0, -1, 2, 1 )==-tAB12k,
( 4, 3,  1,  0, -1, 2, 2 )==tBB12k,
( 4, 3,  1,  0,  0, 1, 1 )==tAA12,
( 4, 3,  1,  0,  0, 1, 2 )==tAB12,
( 4, 3,  1,  0,  0, 2, 1 )==-tAB12,
( 4, 3,  1,  0,  0, 2, 2 )==tBB12,
( 4, 3,  1,  0,  1, 1, 2 )==tAB12c,
( 4, 3,  1,  0,  1, 2, 1 )==-tAB12c,
( 4, 3,  2,  0, -1, 1, 1 )==tAA12ak,
( 4, 3,  2,  0, -1, 1, 2 )==tAB12ak,
( 4, 3,  2,  0, -1, 2, 1 )==-tAB12ak,
( 4, 3,  2,  0,  0, 1, 1 )==tAA12a,
( 4, 3,  2,  0,  1, 1, 1 )==tAA12ac,
( 4, 3,  2,  0,  1, 1, 2 )==tAB12ac,
( 4, 3,  2,  0,  1, 2, 1 )==-tAB12ac,
( 4, 4, -1,  0, -1, 1, 1 )==tAA11ac,
( 4, 4, -1,  0,  0, 1, 1 )==tAA11a,
( 4, 4, -1,  0,  0, 1, 2 )==-tAB11a,
( 4, 4, -1,  0,  0, 2, 1 )==tAB11a,
( 4, 4, -1,  0,  0, 2, 2 )==tBB11a,
( 4, 4, -1,  0,  1, 1, 1 )==tAA11ac,
( 4, 4,  0,  0, -1, 1, 1 )==tAA11c,
( 4, 4,  0,  0, -1, 1, 2 )==-tBA11c,
( 4, 4,  0,  0, -1, 2, 1 )==-tAB11c,
( 4, 4,  0,  0, -1, 2, 2 )==tBB11c,
( 4, 4,  0,  0,  0, 1, 1 )==eA1,
( 4, 4,  0,  0,  0, 1, 2 )==-eAB1,
( 4, 4,  0,  0,  0, 2, 1 )==-eAB1,
( 4, 4,  0,  0,  0, 2, 2 )==eB1,
( 4, 4,  0,  0,  1, 1, 1 )==tAA11c,
( 4, 4,  0,  0,  1, 1, 2 )==-tAB11c,
( 4, 4,  0,  0,  1, 2, 1 )==-tBA11c,
( 4, 4,  0,  0,  1, 2, 2 )==tBB11c,
( 4, 4,  1,  0, -1, 1, 1 )==tAA11ac,
( 4, 4,  1,  0,  0, 1, 1 )==tAA11a,
( 4, 4,  1,  0,  0, 1, 2 )==tAB11a,
( 4, 4,  1,  0,  0, 2, 1 )==-tAB11a,
( 4, 4,  1,  0,  0, 2, 2 )==tBB11a,
( 4, 4,  1,  0,  1, 1, 1 )==tAA11ac,
NULL]
