eunit=meV, punit=GPa

N=84, ZPE=59.86 meV/mode, F(300K)=64.81 meV/mode

-0.45,-0.41,-0.12,3.74,7.42,9.64,13.03,14.57,14.97 .. 390,390,390 meV

-0.45,-0.41,-0.12,3.74,7.42,9.64,13.03,14.57,14.97,14.97,18.83,19.87,21.83,23.44,23.45,23.62,35.80,35.92,47.58,48.16,48.98,49.01,55.38,56.07,64.47,64.54,69.59,70.34,70.61,70.71,73.71,73.78,74.53,74.77,87.39,87.75,90.30,90.53,90.59,90.61,96.28,96.53,97.78,99.18,102.80,103.03,107.18,107.19,109.25,109.61,111.77,111.86,129.53,129.85,134.04,135.10,145.39,145.60,149.98,150.11,150.90,151.20,153.94,155.01,158.23,158.23,171.40,172.03,180.03,180.22,180.26,180.71,181.27,181.45,192.51,192.55,388.14,388.25,388.27,388.34,390.10,390.13,390.27,390.33

 XX 384.391
 YY  -0.222  14.208
 ZZ   0.216  10.316  18.241
 XY  -0.191  -0.195  -0.600   1.916
 YZ  -0.000   0.000   0.000   0.000   7.307
 ZX   0.000  -0.000   0.000   0.000  -0.230   2.423
       XX      YY      ZZ      XY      YZ      ZX

      1.888   2.412   5.727   7.318  26.750 384.391
 XX   0.000  -0.000  -0.001   0.000   0.000  -1.000
 YY  -0.032  -0.000  -0.772   0.000  -0.635   0.001
 ZZ   0.057  -0.000   0.633   0.000  -0.772  -0.001
 XY   0.998  -0.000  -0.060   0.000   0.024   0.000
 YZ   0.000  -0.047   0.000  -0.999   0.000  -0.000
 ZX   0.000  -0.999   0.000   0.047   0.000  -0.000

K=12.446, GR=3.430, GV=3.780

false pressure=0.003, external pressure by components:
     -3.142  -0.731  -2.274  -0.005   0.018   0.027
      3.508   0.768   2.465  -0.016   0.018   0.027
