eunit=meV, punit=GPa

N=84, ZPE=59.72 meV/mode, F(300K)=64.76 meV/mode

-1.19,-0.36,-0.17,1.59,4.20,11.45,11.79,13.50,13.82 .. 391,391,391 meV

-1.19,-0.36,-0.17,1.59,4.20,11.45,11.79,13.50,13.82,14.10,18.01,19.17,20.46,22.79,23.49,23.66,35.87,35.91,46.22,47.50,49.19,49.20,54.80,55.57,64.27,64.38,68.50,69.70,69.90,70.16,73.53,73.75,73.79,74.31,87.42,87.76,90.28,90.46,90.54,90.69,94.93,95.29,96.87,97.97,102.72,103.02,106.07,106.19,108.38,108.88,111.59,111.83,128.76,129.45,133.40,134.89,145.13,145.47,149.92,149.97,150.73,151.49,154.07,155.10,157.95,158.01,171.69,171.86,180.09,180.30,180.32,180.32,181.11,181.43,192.44,192.57,389.31,389.40,389.43,389.46,390.94,390.98,391.12,391.17

 XX 376.954
 YY   2.068  12.833
 ZZ   2.784  11.856  17.849
 XY  -0.000   0.000   0.000  -0.348
 YZ  -0.000  -0.000   0.000   0.000   3.338
 ZX   0.000  -0.000  -0.000  -0.000  -0.000   0.570
       XX      YY      ZZ      XY      YZ      ZX

     -0.348   0.570   3.223   3.338  27.424 376.988
 XX   0.000   0.000   0.000   0.000   0.010  -1.000
 YY   0.000   0.000   0.777   0.000  -0.630  -0.006
 ZZ   0.000   0.000  -0.630   0.000  -0.777  -0.008
 XY   1.000   0.000   0.000   0.000   0.000  -0.000
 YZ   0.000   0.000   0.000   1.000   0.000  -0.000
 ZX   0.000   1.000   0.000   0.000   0.000  -0.000

K=12.408, GR=-28.825, GV=-0.959

false pressure=-0.008, external pressure by components:
     -3.084  -0.646  -2.282  -0.018   0.012   0.022
      3.429   0.668   2.468  -0.019   0.012   0.022
